512.438 309.33353 523.52637 333.7757 1.0 1.0 0.0
210.4788 183.95331 224.65337 202.37001 1.0 1.0 0.0
113.9422 240.55672 131.23447 261.7259 1.0 1.0 0.0
115.61306 211.05287 131.26173 227.47852 0.9999999 1.0 0.0
285.62762 218.21127 300.33212 237.14417 0.9999999 0.9999999 0.0
447.10654 311.1289 457.14685 331.98428 0.9999999 0.9999999 0.0
115.02935 206.55202 131.25716 224.29506 0.9999995 0.9999999 0.0
293.99292 217.53941 308.03378 236.7833 0.9999995 0.9999999 0.0
212.45267 179.53499 226.21025 200.60724 0.9999994 1.0 0.0
212.06592 208.73575 226.82782 228.01552 0.99999905 0.9999999 0.0
208.37088 241.54245 227.19917 262.79697 0.99999833 0.99999976 0.0
190.3534 84.79351 206.27888 107.69578 0.9999982 0.9999999 0.0
375.76672 219.68309 388.77426 239.1752 0.9999982 0.99999976 0.0
2.774969 322.15436 13.175512 343.28348 0.99999785 0.99999976 0.0
24.056898 65.2967 34.520794 97.146225 0.9999982 0.9999993 0.0
12.072522 204.77312 30.22106 222.39201 0.99999547 0.9999999 0.0
7.79775 207.71935 25.085642 224.30118 0.9999949 0.9999993 0.0
47.562695 52.7724 66.7341 93.125114 0.9999939 1.0 0.0
293.4145 242.62984 310.6297 260.43738 0.99999094 0.99999964 0.0
372.26715 315.41202 384.9676 337.8965 0.9999907 0.9999994 0.0
8.34139 237.45865 30.885365 260.77148 0.99999094 0.99999905 0.0
105.8309 320.98486 118.52561 341.64722 0.9999895 0.9999995 0.0
13.427963 173.55423 28.484835 189.23718 0.99998856 0.99999917 0.0
289.58694 244.85646 305.49686 261.7822 0.99996364 0.99999976 0.0
