551.27747 450.42712 566.3759 496.1548 1.0 1.0 0.0
404.8733 336.08447 429.21417 375.22626 1.0 1.0 0.0
323.13608 423.83917 338.2487 467.45218 1.0 1.0 0.0
249.16055 15.24199 261.66547 48.293934 1.0 1.0 0.0
436.46252 134.10057 451.9644 165.42796 1.0 1.0 0.0
557.48517 91.98973 572.40607 133.61581 1.0 1.0 0.0
514.2272 494.2372 529.9797 534.64514 1.0 1.0 0.0
41.762035 215.58969 61.503334 254.6488 1.0 1.0 0.0
226.08803 387.74524 241.4279 426.46082 1.0 1.0 0.0
289.76163 398.41373 299.75836 451.13123 0.9999999 1.0 0.0
366.43692 502.72272 380.69235 531.65015 0.9999999 1.0 0.0
550.6416 386.5521 569.0331 425.33154 0.9999999 1.0 0.0
421.0205 44.35586 436.69827 107.86934 0.9999999 0.9999999 0.0
237.07161 283.4109 256.86368 318.29074 0.99999976 1.0 0.0
332.41754 39.381226 347.57822 81.96933 0.9999999 0.9999999 0.0
319.50143 309.2581 336.24094 343.033 0.99999976 1.0 0.0
347.2988 318.98102 366.9154 353.53726 0.99999976 0.9999999 0.0
329.8249 489.1226 339.4037 517.69995 0.99999976 0.9999999 0.0
163.30493 363.1274 175.49263 409.7536 0.99999976 0.99999976 0.0
344.19812 431.7906 359.34665 478.87253 0.99999976 0.99999976 0.0
374.23923 440.548 384.21136 485.69125 0.99999964 0.99999976 0.0
286.30182 302.49936 313.1865 338.2796 0.9999995 0.9999999 0.0
342.4863 493.6729 354.62402 531.00464 0.9999995 0.9999999 0.0
10.876484 208.29276 27.295326 242.5314 0.99999976 0.99999964 0.0
188.3944 365.45807 201.07133 409.11145 0.9999995 0.9999999 0.0
386.34528 435.08926 406.26987 496.64148 0.9999995 0.9999999 0.0
519.5488 115.495125 537.06903 172.8533 0.9999999 0.9999995 0.0
185.0876 265.90472 202.26765 301.02097 0.9999993 0.9999999 0.0
9.733498 362.81293 27.156313 400.5695 0.9999995 0.9999995 0.0
375.35428 91.96796 389.9397 137.88652 0.9999994 0.99999964 0.0
72.625084 28.020613 88.384575 58.7916 0.99999905 0.9999999 0.0
2.7375665 295.36133 20.586727 341.37122 0.9999993 0.9999995 0.0
276.74838 467.06613 286.33487 499.114 0.9999989 0.9999999 0.0
512.29236 373.28323 540.7519 413.33655 0.9999987 1.0 0.0
171.0357 434.39062 184.96423 465.9168 0.99999845 1.0 0.0
25.886885 307.135 38.428898 353.8672 0.99999833 1.0 0.0
165.50352 -3.0417833 178.73633 29.396402 0.9999988 0.9999995 0.0
536.59796 160.685 550.53253 189.89217 0.9999982 0.9999999 0.0
277.12042 15.854507 287.70532 72.35954 0.99999845 0.9999994 0.0
208.44443 272.05356 224.4887 309.06345 0.9999981 0.99999905 0.0
154.14807 258.75156 172.3999 292.5333 0.99999714 1.0 0.0
239.204 440.5749 253.64105 468.32346 0.9999974 0.99999964 0.0
377.80896 330.62357 394.93396 364.068 0.9999956 0.99999964 0.0
268.2355 404.74265 283.15692 447.1836 0.9999937 1.0 0.0
568.2302 167.0282 583.05865 186.26782 0.99999356 0.99999964 0.0
192.47621 426.98325 201.96573 458.89975 0.9999932 0.9999993 0.0
573.24365 515.25073 593.02203 554.84357 0.9999912 1.0 0.0
388.16815 56.649162 401.24915 94.784134 0.9999913 0.9999995 0.0
299.5916 12.002648 312.50897 78.72566 0.9999901 0.9999989 0.0
20.75928 373.0266 30.542156 398.45157 0.99998593 0.9999995 0.0
273.24976 15.556206 283.7636 73.60229 0.99998534 1.0 0.0
325.55612 36.845825 340.5164 80.8325 0.99998426 0.9999994 0.0
-3.1059995 200.80765 9.312764 233.09317 0.999982 0.99999917 0.0
262.561 293.95892 279.53586 326.28058 0.99997926 0.9999988 0.0
370.47348 329.6953 388.8534 365.4243 0.9999634 0.999997 0.0
291.74167 460.92044 301.19012 503.24808 0.9999597 0.9999999 0.0
185.30495 6.3136525 200.3308 43.689842 0.99995637 0.9999989 0.0
224.75822 437.4018 234.24242 460.9794 0.999926 0.99999845 0.0
378.6861 502.8544 390.6229 527.00885 0.9999211 0.9999994 0.0
579.2078 392.5922 597.2143 433.2357 0.9999062 1.0 0.0
332.20895 484.9686 342.06766 516.13165 0.9998771 0.99999917 0.0
18.438807 208.23595 36.077248 243.98842 0.99987745 0.9999969 0.0
6.4025326 361.56836 24.333088 397.4125 0.99980336 0.99999964 0.0
246.85384 396.63217 255.80585 414.2896 0.999337 0.99999666 0.0
