264.00424 202.39418 277.10114 260.97958 1.0 1.0 0.0
220.20187 209.27391 232.60349 269.2077 1.0 1.0 0.0
299.5552 191.67416 306.81842 205.91685 1.0 1.0 0.0
395.15207 214.83205 405.2065 276.33838 1.0 1.0 0.0
41.96437 431.98743 66.47815 459.76166 1.0 0.9999999 0.0
361.80518 194.78741 373.1849 204.32695 0.99999976 1.0 0.0
397.27896 189.05917 406.6011 205.379 0.9999999 0.9999999 0.0
141.28586 431.5359 162.70596 452.4588 0.9999999 0.99999976 0.0
258.55774 202.16568 272.2738 264.2749 0.9999999 0.99999976 0.0
264.51016 174.33495 277.582 191.619 0.99999976 0.9999999 0.0
361.47372 215.05682 371.93192 277.08255 0.99999976 0.9999999 0.0
474.6518 204.77026 487.66 260.54916 0.9999999 0.99999964 0.0
112.398674 569.263 127.41036 594.2377 0.9999999 0.99999964 0.0
98.55088 215.79726 113.86311 282.1765 0.99999976 0.9999995 0.0
93.46686 432.84204 113.10473 455.58496 0.99999964 0.9999995 0.0
421.45654 546.56396 434.18622 556.0634 0.99999917 0.9999999 0.0
409.17294 426.4755 429.39246 446.17307 0.99999905 0.9999995 0.0
479.24753 423.05838 496.85873 438.693 0.9999987 0.99999976 0.0
222.81505 180.04042 231.7672 200.55669 0.99999833 1.0 0.0
228.14337 560.4645 240.2465 594.2442 0.99999905 0.9999993 0.0
361.53696 425.60544 384.05286 446.8468 0.99999845 0.99999976 0.0
288.5208 426.72443 309.55936 448.3566 0.99999833 0.99999976 0.0
167.53516 188.15482 177.76277 242.877 0.9999987 0.99999917 0.0
190.85112 434.0876 213.56796 451.10938 0.999998 0.9999994 0.0
356.00507 202.72598 362.35864 216.22154 0.9999975 0.99999976 0.0
258.0596 555.4534 267.9147 571.6413 0.9999974 0.99999976 0.0
154.85945 567.4172 169.26418 592.9474 0.9999974 0.99999976 0.0
60.516876 208.05334 75.745674 271.16788 0.9999981 0.9999987 0.0
76.6721 183.45903 94.027435 257.18762 0.99999654 1.0 0.0
286.3992 549.3689 296.4175 565.74023 0.999997 0.99999905 0.0
454.72476 418.63785 477.73712 442.68976 0.9999962 0.9999993 0.0
167.8395 434.16653 189.77757 453.62256 0.9999949 0.99999964 0.0
78.80482 152.56912 95.60122 176.35123 0.9999957 0.9999982 0.0
106.78094 183.87955 118.93334 207.68906 0.9999943 0.99999964 0.0
452.87604 213.74332 465.74078 271.853 0.99999523 0.99999845 0.0
70.29291 432.36548 89.66664 458.99445 0.9999938 0.99999964 0.0
114.877075 212.0992 122.5997 262.4479 0.99999297 0.9999995 0.0
284.50305 208.42722 294.74484 266.83182 0.9999927 0.9999994 0.0
300.71698 563.6187 309.8182 575.2899 0.9999918 0.99999964 0.0
118.04839 432.66446 139.8203 454.61008 0.9999907 0.9999995 0.0
316.47903 426.18353 332.2738 448.93802 0.99998915 0.9999999 0.0
453.46884 189.58151 464.5965 203.4257 0.9999883 0.99999964 0.0
115.12436 572.58575 129.48405 596.8577 0.99998593 0.9999994 0.0
469.37823 182.95642 481.18903 197.01813 0.9999815 0.99999905 0.0
45.783085 207.67197 55.564205 248.80576 0.99997914 0.9999999 0.0
239.9635 432.8934 262.14294 447.48688 0.9999796 0.9999988 0.0
92.50802 560.24097 106.9449 574.8045 0.99997795 0.9999993 0.0
386.97952 425.19608 406.7337 446.43863 0.99997485 0.99999976 0.0
353.52292 223.1654 360.77783 265.73193 0.99997175 1.0 0.0
51.023373 187.23764 62.762135 204.05357 0.9999665 0.99999917 0.0
170.19789 169.76273 180.64198 181.64589 0.999961 0.9999987 0.0
261.30084 574.153 272.63223 595.6754 0.9999573 0.99999917 0.0
280.38882 426.7097 300.0887 446.81952 0.9999509 0.99999785 0.0
423.87204 562.97534 433.46036 596.7488 0.9999486 0.99999905 0.0
431.07507 422.70605 451.74963 441.97794 0.9999411 0.99999917 0.0
426.62396 557.97235 438.0231 594.0539 0.99994063 0.99999535 0.0
302.19644 578.62177 309.26364 594.6815 0.9999336 0.9999989 0.0
285.46765 187.16586 295.5042 201.20848 0.9999218 0.9999995 0.0
217.56288 432.08023 239.41342 450.37894 0.9998493 0.9999975 0.0
292.35812 562.3725 301.53815 573.50574 0.99983776 0.9999876 0.0
284.03824 569.18774 293.3508 597.49493 0.9998005 0.9999995 0.0
339.40833 427.62817 356.70728 447.14792 0.99978215 0.999998 0.0
264.13156 426.06183 286.02744 449.83347 0.99959785 0.9999963 0.0
293.022 581.69836 302.50403 597.0943 0.9980812 0.99999225 0.0
