480.0664 328.51242 494.28372 359.41217 1.0 1.0 0.0
473.44043 269.93726 488.1456 303.3539 1.0 1.0 0.0
252.75554 212.1063 268.99396 249.95543 1.0 1.0 0.0
282.8781 264.71423 297.9577 305.49084 1.0 1.0 0.0
438.72635 264.1817 454.37833 317.19485 1.0 0.9999999 0.0
118.90983 242.45862 138.38635 291.32172 1.0 0.99999976 0.0
230.68993 528.93726 247.15895 569.24414 1.0 0.99999976 0.0
246.29744 277.42566 263.95657 326.68375 1.0 0.99999976 0.0
464.65384 90.33353 477.95715 124.49297 0.99999976 0.9999999 0.0
164.54044 538.0879 189.05199 581.8579 0.9999999 0.99999976 0.0
237.7261 525.38245 255.1759 569.1916 0.99999964 0.99999976 0.0
376.13428 141.1254 391.50845 177.8861 0.99999964 0.99999964 0.0
86.874306 526.7111 113.32727 582.3831 0.9999993 1.0 0.0
150.42332 105.52725 165.99243 137.43166 0.99999964 0.99999964 0.0
192.05038 262.6256 212.81805 308.01718 0.9999995 0.9999989 0.0
472.60367 177.2282 490.60303 213.79501 0.9999988 0.9999993 0.0
539.7029 487.1528 554.2517 530.27625 0.9999981 0.99999964 0.0
404.69757 76.658134 417.53833 100.649704 0.99999774 0.99999976 0.0
374.6878 256.82184 389.46298 284.94928 0.99999774 0.99999964 0.0
352.94415 149.19102 368.49637 177.3392 0.999998 0.99999917 0.0
262.9212 110.96936 277.5448 139.8502 0.9999974 0.99999964 0.0
212.00597 212.69243 228.4034 243.3115 0.9999969 0.99999917 0.0
279.41565 232.38528 293.9032 259.74762 0.9999963 0.9999995 0.0
100.59992 528.9505 125.67048 584.4492 0.99999845 0.9999968 0.0
108.67762 226.79617 131.97977 284.40738 0.9999957 0.9999994 0.0
376.04022 74.542854 388.52527 102.02254 0.99999475 0.999998 0.0
565.1661 193.29053 583.64935 237.95854 0.9999937 0.9999974 0.0
208.44194 196.69734 226.50249 234.60696 0.9999937 0.999997 0.0
224.21382 136.63083 234.22548 163.12291 0.99998987 0.9999994 0.0
487.97 319.95224 502.8958 355.31516 0.9999882 0.99999905 0.0
488.49786 280.73962 501.31116 309.78235 0.9999794 0.9999993 0.0
142.87225 122.107925 155.36226 148.83371 0.99997723 0.9999988 0.0
296.07953 228.1217 308.8241 261.07617 0.99996805 0.9999974 0.0
394.46063 73.75752 403.65244 94.84797 0.9999641 0.99999964 0.0
376.09152 62.4205 388.57745 88.28291 0.9999486 0.9999989 0.0
392.80228 282.55655 411.4601 339.9188 0.9999502 0.9999957 0.0
439.4604 174.10327 453.1771 212.30348 0.999949 0.9999969 0.0
278.5309 264.94122 294.2769 308.73004 0.99994826 0.99999595 0.0
166.9353 206.51884 183.41934 252.50485 0.999943 0.99999654 0.0
227.38599 215.25032 244.74773 257.43607 0.99993634 0.99999845 0.0
121.33561 188.05066 138.3726 220.81946 0.9999349 0.99999666 0.0
160.18153 528.9404 185.0545 589.29626 0.99993634 0.99998724 0.0
245.50122 196.53012 261.1679 239.24998 0.9999112 0.9999926 0.0
122.75501 131.98746 136.51855 153.69165 0.99990547 0.9999976 0.0
428.6591 255.53505 442.46674 306.37296 0.99989367 0.99999726 0.0
255.9178 110.53413 271.47025 153.54776 0.99989045 0.999995 0.0
168.63844 118.957 180.02074 144.11932 0.99988604 0.99999774 0.0
381.5208 289.02145 396.5728 319.7493 0.99985373 0.9999976 0.0
242.146 281.03604 260.0638 333.5974 0.999856 0.9999945 0.0
554.65466 197.80074 574.4604 223.11108 0.9998405 0.9999981 0.0
543.1384 291.6428 556.30115 338.4973 0.9998135 0.9999969 0.0
354.94162 139.25671 371.7629 164.34474 0.999728 0.9999963 0.0
448.9431 514.7687 466.64053 550.8451 0.9997253 0.9999925 0.0
439.07187 287.9326 451.335 323.27167 0.99970144 0.99999774 0.0
217.59196 225.21918 234.06223 258.11584 0.99940765 0.9999957 0.0
140.43204 85.528206 154.68405 119.34299 0.9993604 0.99999595 0.0
368.81277 181.96481 385.87418 209.15022 0.9993475 0.99999666 0.0
437.70865 519.1032 455.39426 559.75793 0.9989039 0.9999939 0.0
103.45372 68.95262 114.95796 98.96845 0.99889886 0.9999945 0.0
358.84277 166.92331 370.7077 187.88039 0.99875927 0.9999982 0.0
188.34674 197.32245 202.97597 240.78072 0.99861467 0.9999951 0.0
81.258484 4.5166225 101.85103 50.191814 0.9985158 0.9999924 0.0
217.68056 135.5272 229.06369 164.61856 0.9982022 0.9999871 0.0
151.16469 85.69384 161.93486 110.05279 0.997695 0.99998367 0.0
111.70271 177.36595 129.77322 215.49312 0.9976737 0.9999896 0.0
526.954 493.66205 542.33685 540.94525 0.9967554 0.9999826 0.0
123.38323 120.67192 137.18343 145.48462 0.99665076 0.9999957 0.0
372.89676 173.77626 391.47403 213.32722 0.9960439 0.99999607 0.0
398.98373 145.54158 410.8648 192.56096 0.9955319 0.9999945 0.0
132.37405 79.18362 145.98553 111.18627 0.9953402 0.9999695 0.0
361.7623 144.58568 374.76086 159.24266 0.9943104 0.99997604 0.0
126.63823 112.81685 138.70631 134.92386 0.99355644 0.9999572 0.0
176.06639 280.7208 199.05746 327.62308 0.99282855 0.99997854 0.0
421.48978 186.2027 443.87143 214.88489 0.9926111 0.99998784 0.0
524.4631 285.12933 540.7716 328.53427 0.99236697 0.9999788 0.0
473.15915 100.05825 489.0522 122.47896 0.99056786 0.99998176 0.0
352.52164 175.14778 369.8708 213.7791 0.9897355 0.9999939 0.0
255.47731 107.64769 266.81726 136.80467 0.9816901 0.99999416 0.0
238.35794 217.04428 255.61678 259.2383 0.97788906 0.99999857 0.0
563.6568 226.75005 585.2667 254.20311 0.9778813 0.9999788 0.0
365.26962 256.51462 380.49942 287.9915 0.9757338 0.99999774 0.0
158.57729 198.30408 174.69696 229.98317 0.97521925 0.999992 0.0
279.8605 113.90105 292.59167 137.65927 0.97162116 0.99999416 0.0
164.87563 522.3755 181.87584 548.0791 0.97003484 0.9999962 0.0
156.81943 134.56241 168.14047 158.82632 0.9654467 0.999987 0.0
218.87563 14.52706 230.35666 38.619953 0.96542794 0.9999975 0.0
267.58582 145.37447 276.45938 165.72505 0.9634575 0.9999932 0.0
156.58907 264.41736 172.67285 311.43277 0.9611155 0.9999937 0.0
214.27795 254.99088 229.01103 300.2836 0.94822073 0.99998665 0.0
311.60135 49.40583 320.4537 73.93646 0.94450533 0.9999814 0.0
576.0462 299.3374 589.271 332.63412 0.9241853 0.9999397 0.0
137.31676 253.9008 157.16756 306.7925 0.92118144 0.9999995 0.0
541.18774 487.09772 548.62476 516.55383 0.9050068 0.9999895 0.0
241.77982 114.267006 255.01015 146.52338 0.8928173 0.9999913 0.0
159.01038 211.05931 173.40579 255.69733 0.8875351 0.9999856 0.0
558.80255 488.11816 565.6273 516.6727 0.8758842 0.9999844 0.0
145.12778 119.745316 158.0746 140.19727 0.874014 0.9998872 0.0
423.33527 81.73886 436.73553 111.96737 0.8637642 0.9999927 0.0
541.9411 321.5243 550.6345 346.6801 0.85381305 0.9999628 0.0
562.37146 482.01828 577.1174 530.0626 0.84790456 0.99997437 0.0
231.79832 108.65633 240.57677 134.64207 0.83194053 0.9999975 0.0
358.67947 173.07385 369.45627 198.9195 0.8303726 0.9999213 0.0
387.35333 133.0869 401.44745 173.26823 0.8218557 0.9999876 0.0
441.99643 280.31934 454.69595 328.24115 0.7974751 0.9999956 0.0
246.95432 134.37329 250.76189 153.92706 0.7972138 0.9999689 0.0
575.43774 224.60983 593.0369 244.07213 0.77276295 0.9999832 0.0
589.97455 303.1256 596.0794 367.03152 0.7662941 0.9999882 0.0
210.81076 11.580483 224.27777 42.05449 0.7529217 0.99999297 0.0
370.52487 67.30113 383.92184 92.38054 0.7411332 0.999992 0.0
273.34207 116.78177 286.19205 144.76112 0.6983406 0.9999809 0.0
346.76895 507.26602 350.36148 551.0337 0.6966561 0.99998224 0.0
393.79022 512.20215 416.50778 552.70483 0.6694518 0.99984694 0.0
448.9324 189.37007 461.6509 215.55301 0.66831464 0.99999225 0.0
569.77313 198.59692 585.4264 220.67464 0.63790464 0.99994314 0.0
261.8567 267.2852 272.83865 293.72797 0.6039427 0.999979 0.0
497.3145 105.49799 506.37888 129.29573 0.56142515 0.99999344 0.0
237.05675 135.76205 246.71002 166.12857 0.51681495 0.9999918 0.0
377.04712 156.96999 385.8892 187.97493 0.48408553 0.9999976 0.0
120.980545 75.19103 135.58188 103.06607 0.3983859 0.9999883 0.0
265.05402 274.57062 279.66098 313.07855 0.38721356 0.9999671 0.0
542.4336 494.3802 552.73645 523.1407 0.34862557 0.99997306 0.0
202.76073 247.65169 217.47665 298.98175 0.34820256 0.9999782 0.0
