274.4666 456.0547 289.38742 483.038 1.0 1.0 0.0
247.25116 455.26233 262.32077 484.0386 1.0 1.0 0.0
337.0894 290.8785 351.41043 374.63486 1.0 1.0 0.0
370.28943 451.90244 403.84848 476.08508 1.0 1.0 0.0
324.40674 451.46756 346.91684 477.48352 1.0 1.0 0.0
367.48703 195.05368 388.15482 226.84285 1.0 1.0 0.0
338.96164 193.67842 363.7115 226.49118 1.0 1.0 0.0
214.12207 194.4888 239.11942 227.16759 1.0 1.0 0.0
274.54605 195.59416 294.5279 226.18196 1.0 1.0 0.0
163.96606 453.8556 181.1867 483.39496 0.9999999 1.0 0.0
18.623383 461.91907 43.699284 484.9234 0.9999999 1.0 0.0
369.83066 282.76654 390.09564 347.86322 1.0 0.9999999 0.0
41.476017 542.95953 59.399174 592.57983 1.0 0.9999999 0.0
-2.9756594 459.12595 13.816483 489.2736 1.0 0.9999999 0.0
277.08408 309.09134 288.20645 332.7083 0.9999999 1.0 0.0
277.3224 555.243 289.32663 589.5082 0.9999999 1.0 0.0
102.077065 547.41675 117.46551 586.8719 0.9999999 0.9999999 0.0
191.54843 453.76343 209.22925 483.66626 1.0 0.99999976 0.0
208.47604 317.49094 223.90706 350.64203 1.0 0.99999976 0.0
53.889267 337.31107 80.15402 370.23053 1.0 0.99999976 0.0
62.90149 307.06564 82.13752 345.66278 0.99999964 0.9999999 0.0
308.20944 194.58754 331.14825 228.64922 0.9999994 0.99999976 0.0
222.37825 458.7662 236.59058 480.12125 0.99999857 0.9999999 0.0
243.765 194.83255 268.11887 224.66508 0.9999987 0.9999987 0.0
252.50423 546.124 263.0168 570.08124 0.9999964 0.9999999 0.0
264.35236 263.8327 275.50336 288.5029 0.99999475 0.99999964 0.0
