232.93631 74.15673 252.34032 117.04305 1.0 1.0 0.0
420.44196 66.53509 438.45276 98.273125 1.0 1.0 0.0
232.6012 275.6935 255.26144 311.66483 1.0 1.0 0.0
23.214947 121.30081 43.593166 169.0909 1.0 1.0 0.0
206.5739 125.81778 224.28014 175.04915 1.0 0.9999999 0.0
26.977016 43.371624 40.34878 90.333595 1.0 0.9999999 0.0
394.56464 128.23096 413.12714 179.52728 1.0 0.9999999 0.0
181.32474 124.208244 197.00252 165.81213 0.99999976 0.9999999 0.0
4.584849 268.28317 26.835077 300.29425 0.9999995 0.99999976 0.0
371.6251 73.90522 388.5605 120.21019 0.9999995 0.9999995 0.0
189.02019 75.47666 204.31268 103.204414 0.99999917 0.9999999 0.0
190.6359 276.62457 214.40164 308.67282 0.9999989 0.99999976 0.0
70.17287 474.7648 89.78068 515.3343 0.9999988 0.9999993 0.0
147.19847 271.29074 165.3726 303.34982 0.99999845 0.99999857 0.0
219.1742 135.576 237.01262 180.09138 0.9999968 1.0 0.0
378.5736 138.5255 391.78424 174.8186 0.9999933 0.99999905 0.0
409.9399 143.1918 428.68677 176.49423 0.9999914 0.9999988 0.0
374.2541 294.18417 398.41364 325.33997 0.9999813 0.99999714 0.0
323.70047 287.1049 342.98346 315.32532 0.99997723 0.9999974 0.0
385.84735 137.91006 400.876 178.19061 0.99997234 0.99999976 0.0
44.58286 44.74813 61.119095 87.18791 0.9999721 0.999998 0.0
250.77798 437.7765 268.09396 477.31793 0.9999528 0.999998 0.0
167.7175 121.186775 181.21931 162.48064 0.999931 0.99999917 0.0
254.44943 131.31685 270.72287 176.94783 0.99992025 0.9999945 0.0
408.095 287.228 429.51166 321.62292 0.999897 0.99999833 0.0
278.46423 279.26556 297.15823 314.68777 0.99987626 0.99999475 0.0
158.94685 481.1913 174.4529 504.826 0.9998714 0.99999654 0.0
125.01225 464.13342 145.54726 513.9925 0.99984443 0.99999917 0.0
278.4671 63.110138 298.87006 123.892654 0.9997918 0.99999654 0.0
159.62053 129.1473 171.85434 166.39885 0.9997316 0.99999344 0.0
379.66364 285.7122 397.34338 317.78064 0.9996977 0.9999989 0.0
70.156815 491.10712 84.31686 512.92303 0.9996308 0.9999924 0.0
415.29785 288.33627 441.78415 326.44464 0.9993111 0.9999908 0.0
158.84154 460.98254 176.62189 518.0475 0.9989826 0.99999523 0.0
57.120686 272.6078 74.81483 302.99002 0.9988502 0.99998343 0.0
392.63013 63.65418 407.4848 108.1464 0.9988223 0.9999913 0.0
282.7119 67.96929 301.1815 102.001495 0.9981184 0.99999034 0.0
214.74658 86.81669 225.76588 113.10684 0.9980222 0.999998 0.0
354.40842 285.828 372.01373 308.23044 0.99771833 0.99999595 0.0
266.90237 142.65138 283.01993 171.43524 0.99736243 0.9999887 0.0
-1.7066832 44.62674 12.790568 86.851555 0.997118 0.9999888 0.0
358.09402 130.95398 370.4399 157.76144 0.9944435 0.9999417 0.0
35.266293 269.1382 54.278057 304.061 0.99303484 0.9999949 0.0
396.60776 76.04588 413.8365 112.75805 0.9917297 0.99999225 0.0
441.9251 289.99387 466.5178 322.72964 0.9886628 0.99998224 0.0
365.28183 158.46027 368.93295 179.42017 0.98772895 0.99999094 0.0
158.21497 128.44897 176.96162 153.48859 0.98463297 0.9999329 0.0
326.12616 495.75635 336.78323 525.62897 0.9835946 0.99999 0.0
233.60623 428.59518 251.29553 473.9968 0.97016597 0.99997735 0.0
215.14091 76.89414 227.3608 105.0659 0.95296764 0.9999907 0.0
319.41544 284.61813 340.0668 308.36563 0.9397635 0.99999213 0.0
205.00519 73.335236 223.82187 108.85579 0.93645525 0.99999404 0.0
279.8184 60.48768 284.91113 125.14828 0.93619543 0.9999924 0.0
30.176651 467.4564 43.544144 514.3918 0.9176836 0.9999807 0.0
168.58537 274.1962 186.18538 308.1409 0.91212755 0.9999752 0.0
380.0649 70.75563 393.11316 100.11319 0.9022562 0.99999356 0.0
250.99608 69.87022 268.06357 126.29712 0.8544411 0.99999225 0.0
202.05356 280.49527 224.92493 305.16412 0.8236688 0.9999993 0.0
31.385937 131.31792 50.65196 170.28061 0.7341146 0.99995005 0.0
229.15141 440.356 242.99533 469.1354 0.71588767 0.9999424 0.0
378.11966 75.785774 398.11273 117.98991 0.67083067 0.99994373 0.0
237.75223 76.40167 260.86075 125.18481 0.6310858 0.9999994 0.0
392.36502 286.354 406.0232 324.2623 0.62883794 0.9999912 0.0
67.70245 272.8655 80.90398 303.48724 0.4899813 0.99997234 0.0
48.80205 460.50858 66.19004 482.61838 0.4369316 0.99997556 0.0
