438.27716 330.84137 448.07318 344.50586 1.0 1.0 0.0
370.60196 290.8695 383.45468 305.10724 1.0 1.0 0.0
145.56421 290.4611 159.99217 305.53845 1.0 1.0 0.0
364.3087 331.66202 380.47144 345.30966 0.9999999 1.0 0.0
508.3509 287.66058 523.3118 308.81314 1.0 0.9999999 0.0
90.32202 482.8694 102.809135 500.3552 0.9999999 1.0 0.0
440.19415 291.43185 456.8872 305.9795 0.9999999 0.9999999 0.0
186.43594 290.98575 202.66501 307.52457 0.99999976 0.9999999 0.0
356.69507 470.97882 365.7765 488.48157 0.99999964 1.0 0.0
492.87006 129.54251 507.01495 160.06703 0.9999999 0.99999976 0.0
229.47913 292.26456 244.1399 308.5019 0.99999964 0.9999999 0.0
300.97232 119.4949 317.21146 144.44862 0.99999964 0.9999999 0.0
329.51355 332.7939 343.5573 345.43307 0.99999964 0.9999999 0.0
87.080956 60.507233 106.02099 85.918076 0.99999964 0.9999999 0.0
438.45706 326.5657 449.527 338.92627 0.9999995 0.9999999 0.0
39.452934 265.93777 59.673847 295.99075 0.9999999 0.9999994 0.0
299.85666 287.026 312.50348 307.4517 0.9999994 0.99999964 0.0
436.84485 289.4274 453.4598 305.415 0.9999993 0.99999976 0.0
298.05667 340.81683 312.91672 352.67917 0.99999917 0.9999999 0.0
262.85837 285.98495 277.3178 305.1116 0.99999917 0.99999976 0.0
212.08444 140.90056 231.47188 167.8697 0.9999993 0.9999995 0.0
364.6217 145.78606 379.34805 167.08003 0.9999993 0.9999994 0.0
335.36282 438.2107 349.63156 463.48816 0.9999987 0.99999976 0.0
7.8230143 52.550564 27.916042 74.66104 0.9999993 0.99999917 0.0
112.74513 290.76566 129.4682 307.07156 0.99999857 0.99999964 0.0
13.47742 181.80511 33.09475 206.70735 0.9999982 0.99999976 0.0
333.7176 288.40665 346.50684 302.87595 0.9999982 0.99999976 0.0
134.42186 71.85977 148.8293 105.2334 0.99999857 0.9999993 0.0
405.03537 288.0397 419.1975 307.18723 0.9999981 0.99999964 0.0
474.68 289.38272 492.161 305.04355 0.99999774 0.99999976 0.0
336.12207 137.3749 359.27637 156.16476 0.9999982 0.99999905 0.0
403.54858 330.73126 412.1521 344.46805 0.99999726 0.99999976 0.0
573.0393 330.0226 587.6986 344.08313 0.99999666 0.9999999 0.0
540.25116 328.41937 556.49835 344.3434 0.99999607 0.9999999 0.0
506.90253 326.6249 523.3728 346.03717 0.9999964 0.9999993 0.0
39.933567 445.47583 56.98236 473.01358 0.99999535 0.99999964 0.0
474.45303 330.96783 483.53763 344.62076 0.99999416 0.99999964 0.0
109.35001 289.0153 126.695206 306.43457 0.9999939 0.99999964 0.0
300.0571 440.01404 309.67816 461.3898 0.9999933 0.99999976 0.0
142.39778 224.7547 163.206 248.4824 0.99999106 0.9999989 0.0
543.7597 291.0675 559.66095 303.49106 0.99998987 0.99999976 0.0
235.20888 83.402885 258.65533 107.33387 0.99999 0.9999993 0.0
244.27959 86.22213 265.50397 108.47889 0.99998915 0.9999995 0.0
172.04861 76.798195 184.01306 103.78541 0.9999882 0.99999976 0.0
13.23011 161.3469 30.131304 181.80087 0.99998784 0.99999917 0.0
332.7259 473.2109 341.94086 494.55283 0.99998665 0.9999995 0.0
295.90295 345.9905 310.55338 360.1828 0.99998283 0.9999994 0.0
224.80803 289.9897 239.39867 306.95496 0.9999777 0.99999917 0.0
433.76004 85.43749 443.4381 124.21194 0.99997497 0.99999964 0.0
577.7467 288.78915 589.50134 305.2858 0.9999721 0.9999988 0.0
580.2681 283.87103 594.96985 302.34167 0.9999639 0.99999845 0.0
432.1968 88.187546 441.64645 128.692 0.99996245 0.9999989 0.0
333.24277 349.49222 346.66782 358.112 0.9999542 0.99999845 0.0
469.2821 329.05237 479.1021 341.96237 0.9999013 0.99999976 0.0
