18.336267 290.25305 38.078114 319.69983 1.0 1.0 0.0
190.23364 243.38982 206.16618 283.94086 1.0 1.0 0.0
66.23798 218.74059 87.063484 279.0137 1.0 0.9999999 0.0
342.50613 244.83617 356.4732 278.0791 1.0 0.9999999 0.0
220.83147 130.095 245.68707 162.27562 0.9999999 1.0 0.0
354.3166 287.92722 366.36108 307.5155 0.9999999 1.0 0.0
55.69084 117.23135 88.80287 148.17665 0.9999999 0.9999999 0.0
355.3643 380.04373 372.74472 407.49713 0.99999976 1.0 0.0
421.32452 261.40393 441.42874 302.92422 0.9999999 0.9999999 0.0
310.84448 239.03806 323.48438 278.56195 0.9999999 0.9999999 0.0
159.40527 123.13596 189.49394 157.72237 0.99999976 0.9999999 0.0
264.0508 244.09583 283.32956 279.02795 0.99999976 0.9999999 0.0
28.297337 228.4404 41.048107 275.3375 0.9999999 0.99999976 0.0
307.58493 139.423 334.24033 166.0511 0.9999995 1.0 0.0
378.8044 236.50797 390.2037 272.38455 0.99999976 0.99999976 0.0
421.27927 318.63605 436.31738 345.8039 0.99999976 0.99999964 0.0
326.73428 376.96002 344.12662 405.78915 0.99999976 0.99999964 0.0
333.89297 141.35124 361.3558 170.58907 0.9999994 0.99999976 0.0
255.09138 375.22595 275.13446 401.39026 0.99999905 0.99999976 0.0
425.65308 149.28061 446.2423 177.90399 0.9999988 0.9999999 0.0
440.96722 314.47656 455.059 343.28073 0.9999989 0.99999976 0.0
331.99368 232.40306 350.49612 272.91504 0.99999857 1.0 0.0
252.2073 132.0862 276.5136 160.98636 0.9999987 0.99999976 0.0
315.7186 289.3887 327.25336 310.62518 0.99999857 0.9999999 0.0
176.53738 227.44675 193.86842 292.93674 0.9999982 1.0 0.0
74.39316 290.21912 84.37489 313.98743 0.99999833 0.99999976 0.0
394.81265 251.2828 422.3043 306.188 0.99999833 0.9999995 0.0
265.9278 285.77408 285.6761 318.19064 0.99999726 1.0 0.0
29.290121 114.559784 55.017963 147.67207 0.99999785 0.9999994 0.0
238.6352 240.31754 262.3966 278.9859 0.9999982 0.9999989 0.0
344.5857 259.00592 353.3962 282.43167 0.99999535 0.9999999 0.0
60.63428 291.77103 72.81509 324.5016 0.9999956 0.9999995 0.0
48.28571 228.77881 65.71499 275.87842 0.99999535 0.99999964 0.0
393.10394 146.51326 417.18057 173.19176 0.99999416 0.99999917 0.0
192.54675 127.39687 217.783 161.39687 0.99999464 0.9999976 0.0
278.23572 134.66321 305.28278 162.78116 0.99999404 0.999998 0.0
2.3866663 109.86948 27.370302 145.61624 0.99999535 0.9999964 0.0
328.3042 280.2932 340.44882 304.5564 0.999992 0.99999976 0.0
367.84988 144.8724 390.73898 171.62503 0.9999888 0.9999994 0.0
2.1386037 228.1231 19.402445 272.9496 0.99998295 0.99999857 0.0
382.6321 242.65305 394.86786 283.8643 0.9999776 1.0 0.0
368.8479 227.05652 378.45386 255.33412 0.9999738 0.9999999 0.0
351.93176 253.02974 361.5849 282.83246 0.9999708 0.9999994 0.0
363.55167 248.51598 372.8908 280.70032 0.99987626 0.9999999 0.0
