162.58475 418.6726 181.79437 454.4161 1.0 1.0 0.0
173.01926 555.4339 190.84969 576.74023 1.0 1.0 0.0
324.96872 374.13727 338.77106 401.67404 1.0 1.0 0.0
182.92378 447.18018 195.52452 487.64413 1.0 1.0 0.0
288.49945 432.10617 304.66852 477.91437 1.0 1.0 0.0
236.702 415.9439 249.04187 453.00522 1.0 1.0 0.0
189.4456 379.17734 203.13199 409.43857 1.0 1.0 0.0
314.95602 446.3138 336.4733 481.35904 1.0 1.0 0.0
22.554789 544.2383 51.40527 570.505 1.0 1.0 0.0
289.99576 335.22427 312.92438 368.76294 0.9999999 1.0 0.0
135.52597 316.86313 158.44066 352.00516 1.0 0.9999999 0.0
228.6599 44.199024 241.2831 113.51029 0.9999999 0.9999999 0.0
52.77886 547.9076 79.37209 571.34766 0.99999976 0.9999999 0.0
350.751 339.22452 370.66492 371.99365 0.99999964 0.9999999 0.0
168.13283 316.45157 191.35269 358.26212 0.99999964 0.99999976 0.0
257.45163 417.92432 267.7065 466.35876 0.9999995 0.9999999 0.0
274.0538 38.94807 293.41 107.4335 0.9999999 0.9999994 0.0
257.1442 327.5801 284.79086 369.3658 0.9999994 0.99999976 0.0
149.0248 412.10263 161.35242 472.83057 0.9999994 0.99999976 0.0
299.23926 398.37848 316.0712 441.9632 0.9999994 0.99999976 0.0
482.24088 568.11664 504.5858 592.29016 0.9999988 0.9999999 0.0
318.8601 336.06186 341.15338 369.11072 0.99999857 1.0 0.0
139.94598 548.7169 164.76514 576.3117 0.99999964 0.9999987 0.0
304.19333 52.00741 321.90726 113.00906 0.9999982 1.0 0.0
287.47116 16.99207 299.2491 48.140022 0.9999982 0.9999995 0.0
374.1846 338.62875 387.16608 374.50684 0.9999982 0.99999905 0.0
197.40797 323.87787 218.28665 362.3839 0.99999654 0.9999995 0.0
274.55234 560.67804 297.1452 583.21625 0.9999943 0.9999994 0.0
299.11588 557.5217 321.84662 585.7616 0.9999931 1.0 0.0
200.94777 559.03436 218.58847 580.0636 0.99999046 0.9999994 0.0
228.48656 329.88925 255.98383 362.03668 0.99999046 0.99999857 0.0
313.78226 21.306686 327.8812 42.581806 0.99998903 0.99999964 0.0
348.97995 561.6767 369.6462 586.76825 0.99998844 0.9999989 0.0
378.95514 339.8494 390.4924 372.14035 0.9999876 0.9999994 0.0
558.86646 572.90906 574.10126 599.243 0.99998915 0.9999974 0.0
324.9163 557.8292 345.54 587.1585 0.99999213 0.99999404 0.0
248.39491 562.40204 266.5765 583.97864 0.999972 0.9999994 0.0
506.33786 566.9079 528.683 596.3813 0.9999721 0.99999857 0.0
535.01746 573.5214 546.8788 594.5947 0.999967 0.9999988 0.0
336.9263 455.49942 347.08636 474.51932 0.99989307 0.9999937 0.0
579.21466 574.6816 596.01447 599.0546 0.9998211 0.99999964 0.0
