261.65555 240.07903 285.96536 268.22925 1.0 1.0 0.0
421.31046 291.36923 479.51953 310.01028 1.0 1.0 0.0
293.87863 148.87857 324.35693 181.01007 1.0 1.0 0.0
157.6391 204.81079 206.52327 230.17422 1.0 1.0 0.0
282.34433 180.15529 309.3166 213.36972 1.0 1.0 0.0
129.20724 295.3443 182.49533 311.49915 1.0 1.0 0.0
439.2423 227.28285 492.6649 251.76791 1.0 1.0 0.0
456.7708 198.9055 515.6799 222.40999 0.9999999 1.0 0.0
172.88394 148.95787 223.85484 176.78331 0.99999976 0.99999976 0.0
274.35553 213.42212 298.5183 241.77762 0.9999993 0.9999999 0.0
140.95311 263.75366 194.86282 287.6706 0.99999905 0.9999994 0.0
254.59721 267.93918 281.47467 293.4462 0.99999857 0.9999994 0.0
475.26462 173.74374 535.19403 189.70181 0.999998 0.99999976 0.0
245.22011 290.41977 269.87564 319.08133 0.99999774 1.0 0.0
429.9537 254.77954 488.29712 273.93594 0.9999976 0.9999999 0.0
154.07887 175.67097 209.5944 201.73991 0.9999548 0.99999785 0.0
408.5123 308.911 466.92264 325.8175 0.99992704 0.9999989 0.0
520.96423 545.6988 593.5702 557.4289 0.9998909 0.9999989 0.0
