307.2679 187.49171 319.2056 208.88478 1.0 1.0 0.0
343.02008 199.59491 355.18597 225.69777 1.0 1.0 0.0
538.223 228.74182 559.0171 287.49112 0.9999999 1.0 0.0
517.23047 240.24294 534.76996 302.06042 1.0 0.9999999 0.0
62.285282 465.8894 85.633 490.24734 0.9999999 0.9999999 0.0
145.45854 466.4518 166.18123 492.08032 1.0 0.99999976 0.0
105.26796 158.54428 120.57444 275.5 0.9999999 0.99999976 0.0
72.6785 193.50888 89.36608 213.43814 0.99999976 0.9999999 0.0
511.40875 468.11758 534.95386 491.09976 0.9999999 0.99999976 0.0
461.3662 467.2104 486.4836 494.13474 0.9999999 0.99999964 0.0
410.08752 466.82742 433.58777 493.43268 0.9999999 0.99999964 0.0
330.40796 466.42233 354.24896 491.55954 0.9999999 0.99999964 0.0
355.33426 467.02838 380.26443 493.7279 0.99999964 0.9999999 0.0
203.61404 202.62944 213.44063 261.99872 0.99999976 0.99999976 0.0
257.33743 196.57857 272.09595 297.6224 0.99999976 0.9999993 0.0
277.29108 466.2472 301.5582 491.13107 0.9999995 0.9999993 0.0
67.83751 219.83508 83.00069 250.60493 0.99999845 0.9999999 0.0
197.40591 466.69327 219.71112 491.33945 0.99999833 0.99999976 0.0
226.62045 466.47687 247.4991 491.0135 0.9999987 0.99999917 0.0
91.02803 465.5975 114.06523 490.76077 0.9999975 0.99999964 0.0
517.4277 210.88326 529.19794 227.39763 0.99999607 0.99999964 0.0
534.57263 202.09654 551.0512 223.1123 0.9999943 0.9999994 0.0
406.46072 220.1501 414.36868 236.84967 0.9999913 0.99999976 0.0
382.12057 467.81036 402.9222 493.00854 0.99998975 0.99999833 0.0
171.37683 467.1992 192.87958 490.50787 0.99998736 0.99999917 0.0
330.20505 225.59885 339.56973 297.86777 0.99998796 0.9999976 0.0
537.6128 465.37793 560.97284 487.22568 0.99998593 0.99999917 0.0
81.502495 240.40355 99.3217 291.8916 0.99998283 0.99999905 0.0
125.683655 220.28485 137.8171 298.46768 0.9999833 0.99999845 0.0
404.8174 243.71213 415.30206 289.9726 0.9999809 1.0 0.0
250.96338 464.7056 276.80948 491.38815 0.99998105 0.9999987 0.0
200.38434 170.76956 212.77116 195.53731 0.99997497 0.9999988 0.0
435.89005 467.91672 458.22995 495.51752 0.9999722 0.9999999 0.0
417.19168 241.18813 430.28705 304.0691 0.99996495 1.0 0.0
307.07703 215.48444 319.32532 288.5872 0.99996233 0.99999785 0.0
488.88666 468.50174 509.39746 493.57162 0.9999591 0.99999905 0.0
306.94098 467.1309 326.48544 490.89438 0.99995816 0.9999994 0.0
133.11394 191.2365 142.41212 226.1097 0.99995506 0.9999993 0.0
453.77078 205.3404 463.56003 227.96194 0.9999548 0.9999994 0.0
451.63824 234.6249 460.85248 302.05344 0.999877 0.9999999 0.0
117.592155 466.4898 141.37946 488.18854 0.9998679 0.99999833 0.0
417.23706 213.71086 426.66315 227.33398 0.99981314 0.9999995 0.0
205.80418 168.3023 220.45306 194.71094 0.99937963 0.99998975 0.0
84.17402 222.70142 98.31339 240.33595 0.9993162 0.99999285 0.0
411.17535 236.89226 411.17535 239.38191 0.9918247 1.0 0.0
406.08823 233.10675 406.08823 237.09233 0.98279035 1.0 0.0
413.2824 237.58563 413.2824 241.31384 0.8127271 1.0 0.0
