141.83316 499.45596 169.99461 542.41156 1.0 1.0 0.0
284.08868 382.28308 299.59756 427.3157 1.0 1.0 0.0
328.91513 404.734 350.62497 442.02237 1.0 1.0 0.0
460.25262 86.89698 471.9434 126.37324 1.0 1.0 0.0
553.24023 117.18038 566.43866 171.36229 1.0 1.0 0.0
374.33716 403.29596 394.45596 443.0161 0.9999999 1.0 0.0
33.03537 334.5221 46.87229 359.7198 0.9999999 1.0 0.0
511.29324 124.81114 525.1813 163.93256 1.0 0.9999999 0.0
519.017 344.23972 546.70636 382.53015 0.9999999 0.9999999 0.0
413.1109 74.19703 427.18106 126.176384 0.9999999 0.9999999 0.0
293.30264 54.304844 308.59286 119.36067 0.9999999 0.9999999 0.0
416.77917 568.4628 433.19257 594.00336 0.9999999 0.9999999 0.0
281.8387 512.4577 305.4466 544.2373 0.99999976 0.9999999 0.0
266.41312 59.72412 278.2256 97.40408 0.99999976 0.9999999 0.0
255.70815 375.07578 270.56454 419.01938 0.99999976 0.9999999 0.0
353.0581 446.01926 365.37097 464.3477 0.99999964 1.0 0.0
194.54715 98.679955 210.08531 135.75674 0.9999995 1.0 0.0
149.13701 261.95856 161.97444 295.83075 0.99999976 0.99999976 0.0
-0.32141256 235.31535 15.225276 267.8492 0.9999999 0.99999964 0.0
398.58145 320.12488 419.2172 349.5684 0.9999995 0.9999999 0.0
98.98092 255.75621 116.54782 284.65402 0.99999976 0.99999964 0.0
225.75589 422.7616 239.97421 441.60895 0.99999964 0.99999964 0.0
108.88361 339.20828 124.47659 376.63846 0.99999917 1.0 0.0
217.51259 363.65665 231.99908 399.74573 0.9999993 0.9999999 0.0
573.1963 355.4834 596.7046 392.55338 0.99999964 0.9999994 0.0
193.82571 413.8446 215.45488 440.48596 0.9999993 0.99999976 0.0
289.44675 547.59344 317.95996 593.67865 0.9999993 0.99999964 0.0
118.71151 451.86935 140.2696 485.08572 0.9999993 0.9999995 0.0
190.77797 489.56052 213.96678 531.16187 0.9999987 1.0 0.0
202.63141 527.2962 230.88426 570.5982 0.99999964 0.9999989 0.0
242.00314 368.02322 254.41754 407.19986 0.9999994 0.99999917 0.0
10.275251 50.022846 31.789673 92.351135 0.99999857 1.0 0.0
76.57772 483.44922 96.871574 525.9262 0.99999845 1.0 0.0
264.0657 431.49713 281.57645 452.71436 0.9999987 0.99999976 0.0
350.13498 527.8045 382.2387 595.5671 0.99999905 0.9999994 0.0
491.55872 339.5373 518.2602 380.4128 0.99999833 1.0 0.0
313.95486 120.650215 325.44418 150.02019 0.99999845 0.99999976 0.0
149.6157 358.7976 161.81099 389.53574 0.99999857 0.9999993 0.0
23.18429 241.3073 41.09691 272.27945 0.999998 0.99999976 0.0
288.41333 301.72382 308.3888 331.0022 0.99999785 0.99999964 0.0
278.64743 379.29874 292.5528 424.59348 0.9999976 0.9999994 0.0
192.57475 365.2325 207.47212 391.9474 0.99999774 0.99999917 0.0
165.73222 403.61633 178.0899 430.20023 0.9999969 0.9999999 0.0
113.72811 15.338758 131.51517 56.234528 0.9999969 0.9999995 0.0
529.1827 142.87872 541.3787 185.12032 0.9999963 1.0 0.0
218.50569 286.13184 235.2714 315.97122 0.99999595 0.9999999 0.0
424.09375 327.6081 446.34323 355.72083 0.99999535 1.0 0.0
436.02484 83.42377 448.5623 136.12285 0.99999535 1.0 0.0
241.07913 293.12857 258.1298 319.54727 0.99999535 0.9999999 0.0
236.4401 425.0338 248.57344 456.154 0.9999949 0.99999976 0.0
446.36844 332.89282 466.22406 360.99124 0.9999956 0.9999988 0.0
125.06739 527.5145 147.6671 575.85925 0.99999535 0.9999989 0.0
180.13766 403.05862 191.68736 424.3138 0.9999944 0.99999976 0.0
197.03543 281.4093 209.9138 310.89713 0.9999951 0.9999988 0.0
472.4199 337.54495 494.23233 370.07834 0.9999938 1.0 0.0
580.49316 498.5893 593.6031 530.6263 0.99999416 0.9999994 0.0
269.4103 301.31772 281.37726 325.54398 0.99999356 0.9999999 0.0
111.262474 398.37744 123.09674 434.7103 0.9999919 0.9999994 0.0
293.97162 61.919113 297.2635 65.50016 0.9999919 0.99999917 0.0
421.94464 129.50941 432.21857 179.19511 0.9999912 0.9999993 0.0
175.00494 358.73605 187.16252 386.21066 0.99999034 0.99999964 0.0
101.07302 474.14908 121.907394 503.5696 0.99999046 0.9999994 0.0
7.174968 331.02615 23.426136 357.71652 0.99999046 0.99999917 0.0
125.45327 354.56168 137.80846 389.83875 0.9999881 0.99999976 0.0
517.0581 122.147354 529.30005 159.90483 0.9999831 0.9999994 0.0
170.20482 268.68686 185.0593 306.30804 0.999982 1.0 0.0
551.73474 355.93616 567.8887 384.93347 0.99997926 0.99999905 0.0
311.01257 306.8281 333.08344 337.29788 0.9999696 1.0 0.0
135.94102 402.81354 147.68558 426.31607 0.9999689 0.99999964 0.0
292.52185 58.752087 295.327 61.36374 0.9999633 0.9999995 0.0
126.52191 258.31537 141.13745 291.06848 0.9999447 0.99999833 0.0
12.757526 364.3227 30.04892 385.9352 0.9998847 0.9999969 0.0
292.66925 55.623035 295.19263 58.46193 0.9997433 0.99999857 0.0
121.74584 398.3328 131.19931 426.15668 0.99968815 0.99999857 0.0
