69.358055 306.50943 121.75399 322.91418 1.0 1.0 0.0
290.19882 227.62547 332.87268 243.4198 1.0 1.0 0.0
151.90141 203.92168 176.5497 226.09904 1.0 1.0 0.0
304.32394 276.52322 356.34552 292.47702 1.0 1.0 0.0
38.99349 214.61198 94.313225 235.09175 1.0 1.0 0.0
156.78362 229.04204 178.92683 251.78459 1.0 1.0 0.0
55.608734 239.82957 104.480774 253.10698 1.0 1.0 0.0
288.32538 179.10992 333.2548 194.82298 1.0 1.0 0.0
163.79285 251.20923 185.51073 273.8786 0.9999999 1.0 0.0
145.37015 179.37346 167.2485 204.66675 1.0 0.9999999 0.0
502.6441 471.4989 597.9366 488.986 0.9999994 0.9999995 0.0
288.4325 204.18579 334.0936 218.01785 0.9999964 0.99999976 0.0
167.474 275.51144 189.80405 299.85315 0.9999918 0.99999976 0.0
69.404274 283.52087 119.48305 297.49554 0.99999046 0.99999964 0.0
313.81506 293.29907 361.9641 309.50122 0.9999901 0.9999995 0.0
167.41032 298.18384 192.99234 317.95645 0.9999653 0.99999917 0.0
298.17664 248.6727 342.59802 262.20743 0.9991874 0.99999857 0.0
