548.4201 317.37842 565.4878 343.96585 1.0 1.0 0.0
196.50949 158.4712 223.78006 205.88063 1.0 1.0 0.0
252.65544 133.08594 278.56577 159.6655 1.0 1.0 0.0
237.98605 118.11572 253.5854 148.86269 1.0 1.0 0.0
348.15094 178.1587 367.339 210.79375 1.0 1.0 0.0
385.4702 201.59734 402.71054 235.67973 1.0 1.0 0.0
418.4838 219.24187 435.4448 256.9172 1.0 1.0 0.0
295.8091 147.05162 322.77188 187.13661 1.0 1.0 0.0
238.07812 346.41104 260.15765 377.34833 1.0 1.0 0.0
457.30157 50.134197 478.28152 104.46042 1.0 1.0 0.0
273.62823 358.37305 291.6083 392.26892 0.9999999 1.0 0.0
167.59442 123.79522 189.39091 158.27191 1.0 0.9999999 0.0
129.75989 289.9686 160.82805 326.02615 1.0 0.9999999 0.0
383.5986 269.48462 400.8726 302.67627 1.0 0.9999999 0.0
298.25244 215.63585 318.2203 252.07903 0.9999999 1.0 0.0
169.41034 308.6393 191.26137 343.44962 0.99999976 1.0 0.0
98.29721 468.46423 116.91712 539.81604 0.9999999 0.9999999 0.0
334.19995 175.40935 351.90836 203.0976 0.9999999 0.9999999 0.0
516.4095 347.13965 531.65515 376.79276 0.9999999 0.9999999 0.0
215.21045 523.03394 227.9921 567.43195 0.99999976 0.9999999 0.0
208.6754 524.4373 220.69548 567.9427 0.99999976 0.9999999 0.0
258.9507 539.687 276.56088 584.8571 0.99999964 0.9999999 0.0
502.55795 466.90527 517.03375 497.19193 0.9999995 0.9999999 0.0
262.3278 200.53 285.9568 244.44028 0.9999994 1.0 0.0
81.463875 58.117695 106.66653 133.45393 0.9999995 0.9999999 0.0
513.531 307.36014 535.6123 330.53726 0.9999994 0.9999999 0.0
90.5298 263.29877 127.32498 309.4428 0.99999964 0.99999964 0.0
360.41458 404.34186 381.1459 440.01736 0.99999964 0.99999964 0.0
204.11159 327.36182 229.14131 360.47397 0.9999994 0.9999995 0.0
497.8232 34.368656 512.51086 86.68822 0.99999917 0.99999976 0.0
357.523 245.19592 376.08582 286.79297 0.9999989 0.99999976 0.0
399.8684 296.59348 418.29895 333.70148 0.99999845 1.0 0.0
229.4244 176.17068 244.08687 218.64357 0.99999857 0.99999964 0.0
336.3391 395.8441 351.16736 420.33322 0.99999857 0.99999964 0.0
424.0556 69.23663 448.10938 120.30039 0.9999989 0.99999905 0.0
407.56528 0.04974247 431.30176 29.25673 0.99999666 0.99999857 0.0
125.877464 561.6281 145.94595 598.37683 0.9999958 0.99999905 0.0
196.67862 80.110344 216.78783 108.26601 0.9999956 0.99999917 0.0
40.353065 2.2181978 69.08233 38.8408 0.9999943 1.0 0.0
167.29774 564.1945 184.34894 596.5313 0.9999944 0.99999964 0.0
566.88776 498.67386 580.48083 526.48987 0.99999464 0.9999989 0.0
324.84784 232.62488 339.28036 270.93442 0.9999925 0.9999994 0.0
-2.4613342 36.353428 19.672411 76.8545 0.9999912 0.9999974 0.0
494.248 337.32132 511.20688 362.74048 0.99998915 0.9999988 0.0
328.00964 175.40556 345.0439 201.13438 0.9999871 0.99999964 0.0
471.52847 448.86066 484.99414 485.32578 0.9999856 0.999998 0.0
388.2458 418.54132 402.9227 450.31662 0.9999833 0.99999905 0.0
522.7251 478.50302 541.7411 507.3385 0.99998236 0.99999905 0.0
303.54456 379.31277 321.0955 409.77032 0.99998116 0.9999994 0.0
405.26407 212.28162 423.91144 242.1628 0.9999764 0.99999976 0.0
158.23972 151.03351 175.15451 182.86421 0.99997747 0.99999845 0.0
477.71094 451.81323 489.27942 485.63934 0.99993277 0.99999833 0.0
543.2101 489.56915 561.0517 518.2216 0.9986035 0.9999994 0.0
