190.0355 50.053104 203.4364 77.066696 1.0 1.0 0.0
467.19208 429.43915 481.55008 485.24496 1.0 1.0 0.0
181.70708 45.04637 201.01732 84.28672 1.0 0.9999999 0.0
373.13058 284.53952 401.09424 318.94647 0.9999999 1.0 0.0
161.56654 273.60104 183.91803 305.52557 0.9999999 1.0 0.0
121.11898 264.19318 147.35419 302.96967 0.99999976 0.9999999 0.0
189.05383 277.20834 215.2574 310.1681 0.99999976 0.9999999 0.0
235.81134 421.61337 254.10403 476.5037 0.9999999 0.99999964 0.0
97.52504 266.11673 121.978226 303.8552 0.9999999 0.9999995 0.0
367.42688 292.20416 395.13354 324.93713 0.9999999 0.9999994 0.0
347.10257 125.89165 363.3684 173.99667 0.9999994 0.99999976 0.0
231.05652 101.25874 249.48189 155.79573 0.99999976 0.9999994 0.0
343.5939 62.296062 355.68433 85.83567 0.9999988 0.9999999 0.0
147.54594 104.70505 168.19566 159.16118 0.99999857 0.9999995 0.0
331.23148 117.83697 351.18423 181.8908 0.99999857 0.99999905 0.0
322.97696 432.91342 339.17316 476.3716 0.9999974 0.99999964 0.0
332.69943 288.41943 356.06467 323.93863 0.9999974 0.99999833 0.0
398.3761 427.67203 418.89813 488.30133 0.9999958 0.9999989 0.0
527.9796 297.825 554.34393 331.15872 0.9999957 0.9999988 0.0
336.89676 105.82037 355.00607 158.11389 0.99999523 0.99999917 0.0
85.29777 168.90134 109.97302 203.06702 0.99999297 0.9999995 0.0
558.7687 301.18344 586.8396 330.56235 0.99999404 0.99999774 0.0
256.6459 107.072464 270.29803 165.27359 0.9999918 0.9999989 0.0
6.0069466 263.41055 34.290627 295.81693 0.9999875 1.0 0.0
140.60832 276.95386 163.17775 311.951 0.99998975 0.9999974 0.0
337.41537 74.26742 348.23328 95.20614 0.9999883 0.9999982 0.0
180.03984 277.37244 205.13583 311.5101 0.9999896 0.9999968 0.0
193.60965 118.30371 211.21992 172.70328 0.99997604 0.9999982 0.0
323.4985 281.08704 345.65036 320.9744 0.99996436 0.99999845 0.0
150.64806 424.82874 167.22438 480.96695 0.9999554 0.9999981 0.0
164.28813 425.25665 181.44585 488.50003 0.99992144 0.99999726 0.0
167.17438 113.9897 185.40157 168.93007 0.9998934 0.99999714 0.0
254.32854 279.03455 279.9077 317.64075 0.9998938 0.9999919 0.0
303.53247 108.58216 322.66333 179.38887 0.9998877 0.9999927 0.0
234.62393 180.33134 257.41418 205.1862 0.99985826 0.9999976 0.0
100.94257 137.21312 118.341225 180.99922 0.9998406 0.99999547 0.0
230.51656 413.7449 243.65349 441.88345 0.9997198 0.999998 0.0
241.7473 420.137 256.17102 474.61246 0.99966764 0.9999964 0.0
301.656 58.51803 319.75925 96.279366 0.9994741 0.9999976 0.0
276.24167 438.87286 288.09204 463.8968 0.99922407 0.9999951 0.0
287.69955 291.01923 309.8067 327.6854 0.99907136 0.99999094 0.0
263.22424 114.26898 279.72458 158.56358 0.99885464 0.99999917 0.0
230.09192 184.59622 241.41628 222.96907 0.99854445 0.9999913 0.0
157.25119 112.44879 173.38524 176.15129 0.99750024 0.99998844 0.0
291.68686 120.52904 324.9722 174.00652 0.99745184 0.9999988 0.0
291.22513 102.22878 313.885 158.29343 0.99718696 0.999995 0.0
580.28687 177.08272 598.46313 215.21014 0.99714917 0.99998367 0.0
110.61613 113.43523 133.65363 160.55745 0.9966037 0.9999968 0.0
156.3606 126.68101 173.63602 158.8155 0.9960305 0.9999989 0.0
99.5691 172.45439 118.08705 207.27542 0.99494296 0.99999213 0.0
346.41394 110.20339 356.29617 141.72476 0.9946185 0.9999945 0.0
363.26193 445.3451 367.13376 486.74463 0.9945792 0.99998844 0.0
352.36124 441.19592 369.9806 493.2853 0.9938758 0.9999993 0.0
346.64694 285.9466 371.5774 317.26016 0.98918355 0.99999547 0.0
154.00969 278.7832 171.99551 307.35403 0.98497576 0.9999467 0.0
284.22452 285.74728 304.4329 315.6245 0.9841616 0.999992 0.0
288.2664 174.2665 309.42084 208.89928 0.98182917 0.99999404 0.0
401.76733 438.75375 417.90326 473.97516 0.9811133 0.99999917 0.0
502.98914 444.5886 518.9158 504.45938 0.9733299 0.99999833 0.0
280.05276 469.62268 293.04474 509.47897 0.967486 0.9999802 0.0
314.0758 287.53635 343.64944 314.83075 0.9591805 0.99998844 0.0
564.6496 169.41405 580.93896 215.08723 0.90250987 0.99998796 0.0
299.3995 116.50308 316.42194 172.60081 0.88694227 0.99999225 0.0
240.59433 97.78102 249.50864 119.26428 0.8681303 0.99995935 0.0
278.5922 430.2516 291.8054 478.68527 0.8680559 0.9999907 0.0
186.86517 125.8349 197.50998 138.2778 0.77764773 0.9999702 0.0
293.89044 177.75113 314.3921 204.11256 0.7384942 0.9999752 0.0
326.54907 64.63661 338.3458 91.63002 0.5838654 0.9999887 0.0
282.37073 432.69235 292.39026 453.68646 0.58289385 0.9999969 0.0
285.27448 471.10812 297.71985 506.04678 0.57285196 0.9999801 0.0
188.52644 110.01595 206.07547 163.06314 0.5429463 0.9999893 0.0
294.05392 54.42162 310.7012 86.609665 0.528486 0.9999981 0.0
104.798874 133.35857 121.180145 163.48544 0.49351627 0.9999831 0.0
247.30699 283.35406 268.77457 315.13354 0.42894167 0.9999758 0.0
522.9 182.13878 546.8004 223.28908 0.3905332 0.9999869 0.0
535.42084 199.87553 555.5574 226.59032 0.38147238 0.9999856 0.0
354.89694 124.22461 368.57397 172.5615 0.3692061 0.99996746 0.0
245.4712 383.70337 255.66165 401.72833 0.3660987 0.9999943 0.0
