307.11276 227.72711 333.3401 241.36467 1.0 1.0 0.0
233.86292 224.9263 250.28589 243.59906 1.0 1.0 0.0
179.0411 278.92932 210.3122 289.71826 1.0 1.0 0.0
311.87494 280.84753 341.9832 296.27997 1.0 1.0 0.0
235.5607 283.78067 249.03157 292.70718 1.0 1.0 0.0
304.90555 258.1875 331.6529 269.66916 0.9999999 1.0 0.0
239.31305 295.40842 250.71143 307.17377 0.9999999 1.0 0.0
237.05913 255.47874 251.28642 269.6268 0.9999988 0.9999999 0.0
306.9896 272.1112 332.17636 279.07047 0.9999889 0.9999994 0.0
309.5169 297.5107 340.78326 304.71027 0.99998724 0.99999976 0.0
178.41945 294.79855 208.49525 301.69495 0.999969 0.99999857 0.0
307.03214 243.53554 337.66495 257.11407 0.9999676 0.99999976 0.0
236.95401 267.83698 248.60573 281.25098 0.99996734 0.99999976 0.0
237.22046 242.49792 250.97256 255.38913 0.9999347 0.9999995 0.0
