153.20705 469.1611 172.02547 494.73575 1.0 1.0 0.0
296.09192 102.38436 313.12213 170.2862 1.0 1.0 0.0
178.24805 420.55396 195.27472 460.08624 1.0 1.0 0.0
119.28471 364.92154 143.61844 397.79718 1.0 1.0 0.0
325.73572 502.51376 337.97412 524.1739 1.0 1.0 0.0
229.39842 460.52048 239.58215 496.41904 1.0 1.0 0.0
281.23996 489.60947 290.4511 509.28207 1.0 1.0 0.0
193.93015 493.01227 209.25601 539.8132 0.9999999 1.0 0.0
184.17165 378.3962 209.03374 408.1523 0.9999999 1.0 0.0
188.49248 491.7067 203.67921 539.0777 1.0 0.9999999 0.0
283.68246 64.27967 293.76364 93.081345 1.0 0.9999999 0.0
588.052 416.04456 593.46216 447.76743 0.9999999 1.0 0.0
145.17337 471.79572 160.73009 500.12424 1.0 0.9999999 0.0
216.99774 103.45443 230.36928 164.13316 0.9999999 1.0 0.0
279.27945 385.5101 303.8078 418.73566 0.9999999 0.9999999 0.0
263.74277 87.402504 284.0846 154.5063 0.9999999 0.9999999 0.0
343.42328 390.89258 366.16855 424.01135 0.9999995 1.0 0.0
317.21 430.73755 335.45908 448.49484 0.9999995 0.9999999 0.0
314.54785 390.91983 336.71863 419.11786 0.9999994 0.9999999 0.0
290.4678 445.17188 307.28305 484.51773 0.9999994 0.9999999 0.0
368.39664 393.9961 388.907 426.1276 0.9999994 0.99999976 0.0
218.91801 380.86188 246.3335 411.9326 0.99999964 0.9999994 0.0
310.34366 65.590164 322.17853 97.74433 0.9999987 1.0 0.0
590.6008 411.2922 597.1777 445.55048 0.9999981 0.99999976 0.0
244.87297 381.45007 277.3726 419.13937 0.99999785 0.9999995 0.0
304.35062 500.75037 328.02087 527.2945 0.99999714 1.0 0.0
211.01248 426.04916 223.55678 447.9163 0.9999963 0.9999999 0.0
168.88861 492.6617 183.7373 531.1487 0.9999964 0.99999976 0.0
135.46838 472.15063 147.18666 515.36127 0.99999607 1.0 0.0
154.136 374.42966 176.88708 406.02286 0.99999595 0.9999999 0.0
240.41069 465.0538 256.46457 506.2397 0.9999932 0.99999964 0.0
