428.02753 272.96725 454.5396 309.12244 1.0 1.0 0.0
361.8526 270.39444 386.42752 309.41785 1.0 1.0 0.0
26.475468 91.43846 41.66968 165.58353 1.0 1.0 0.0
304.4016 105.24348 316.05258 144.03969 1.0 1.0 0.0
465.29388 102.75589 487.44278 150.44421 1.0 1.0 0.0
10.394855 273.1039 36.583805 308.93405 1.0 1.0 0.0
49.803093 272.73438 70.14024 311.9004 1.0 1.0 0.0
229.32109 270.8457 248.59889 305.64087 1.0 1.0 0.0
476.54456 6.337004 501.35773 54.03383 1.0 1.0 0.0
453.22787 10.684762 474.91855 64.10488 1.0 0.9999999 0.0
40.30794 17.387337 61.203476 63.54282 1.0 0.9999999 0.0
84.67043 535.3574 102.51067 561.95654 0.9999999 1.0 0.0
247.59734 110.68274 272.07468 157.29417 1.0 0.9999999 0.0
1.8311805 24.139711 25.614376 75.38354 0.9999999 1.0 0.0
418.7231 33.463894 437.23526 74.40815 1.0 0.9999999 0.0
308.90958 24.499937 328.0206 73.78023 0.99999976 0.9999999 0.0
283.87357 461.138 306.4526 526.2268 0.99999976 0.99999976 0.0
461.857 275.3554 485.5741 308.36206 0.99999964 0.9999999 0.0
405.19214 107.50226 417.18143 133.87962 0.99999964 0.9999999 0.0
164.19003 268.34543 182.16801 304.39133 0.9999995 0.9999999 0.0
276.15433 52.68579 291.45154 95.15866 0.99999976 0.99999964 0.0
437.73923 99.157005 457.7414 142.45946 0.9999995 0.99999976 0.0
209.4675 30.088486 229.26611 76.206116 0.9999993 1.0 0.0
417.69617 100.59621 429.88782 124.37512 0.9999993 1.0 0.0
212.08669 100.25348 230.74652 140.73192 0.9999995 0.99999976 0.0
30.535244 502.50647 40.633965 536.93604 0.9999993 0.9999999 0.0
371.3695 540.39417 381.468 561.83185 0.9999993 0.9999999 0.0
400.18158 272.93423 420.3255 306.52295 0.9999987 1.0 0.0
152.5135 466.63443 178.24371 512.79 0.9999989 0.99999964 0.0
435.12137 33.697563 450.42163 71.91364 0.99999857 1.0 0.0
248.86815 477.81754 263.5064 510.23154 0.9999987 0.99999976 0.0
188.42542 470.4121 210.20587 513.5244 0.9999987 0.9999995 0.0
185.48468 97.92692 204.49489 140.79626 0.99999785 1.0 0.0
143.82867 503.74304 171.53036 557.29736 0.99999917 0.99999833 0.0
300.2355 270.20758 318.3602 310.68677 0.99999774 0.99999964 0.0
215.76794 523.6387 229.84302 549.69385 0.9999958 0.99999964 0.0
318.1441 470.96335 333.05975 516.174 0.99999523 1.0 0.0
52.74834 508.37177 67.298965 544.89746 0.99999595 0.99999905 0.0
434.36932 458.66846 451.4131 500.66452 0.9999957 0.9999993 0.0
423.1707 97.00999 436.8218 130.81046 0.9999957 0.99999917 0.0
277.18207 531.3752 291.6685 558.83203 0.9999949 0.9999989 0.0
51.332832 108.81339 68.531265 163.57178 0.99999416 0.9999993 0.0
330.29092 269.19025 351.9629 309.68307 0.99999094 1.0 0.0
233.28264 29.507458 257.25168 80.16264 0.9999895 0.9999999 0.0
261.6436 37.895473 279.2814 79.13807 0.99999046 0.99999857 0.0
47.65449 515.809 65.46157 551.65405 0.9999871 0.99999857 0.0
192.79434 266.64072 218.09897 305.5365 0.99998605 0.99999905 0.0
264.1224 269.87408 284.88647 301.83728 0.99998283 0.99999905 0.0
186.30411 526.80206 198.87364 543.615 0.9999809 0.9999994 0.0
60.940956 499.90353 70.52452 535.8366 0.9999777 0.99999917 0.0
338.0493 437.0211 359.03854 491.90616 0.9999746 0.9999993 0.0
405.0218 452.1284 430.77817 513.34015 0.9999682 0.9999964 0.0
374.7462 458.61337 386.81964 488.5061 0.99995637 0.9999989 0.0
220.04295 465.42328 237.05725 508.22632 0.999951 0.9999999 0.0
341.12402 434.44897 363.62927 491.2924 0.9999486 0.99999976 0.0
