345.76736 480.65094 355.9549 499.629 1.0 1.0 0.0
368.49265 322.30087 387.1082 355.02597 1.0 1.0 0.0
387.53674 252.16194 402.82846 298.2689 1.0 1.0 0.0
283.32736 458.8419 297.79437 480.06854 0.9999999 1.0 0.0
348.20062 443.60965 358.3264 465.282 0.9999999 1.0 0.0
128.33875 441.06625 141.48036 473.13766 0.9999999 1.0 0.0
198.77408 309.80154 225.02414 339.841 0.9999999 0.9999999 0.0
212.74422 479.89938 225.07178 503.82544 0.99999976 0.9999999 0.0
372.7049 495.53046 385.31305 522.76544 0.99999964 0.9999999 0.0
48.31081 232.08638 77.40624 277.3704 0.9999999 0.99999964 0.0
249.95334 496.73883 264.53238 522.28827 0.9999995 0.9999999 0.0
282.74338 578.1873 295.47815 593.2968 0.99999964 0.99999976 0.0
297.87225 232.85432 319.6387 279.65298 0.9999994 1.0 0.0
211.15695 230.26407 233.26662 279.51675 0.9999995 0.99999976 0.0
201.48163 578.3642 211.18039 594.49585 0.99999964 0.99999964 0.0
255.09253 285.38138 272.593 320.02548 0.9999994 0.99999976 0.0
358.39008 242.24261 375.59952 290.17203 0.9999993 0.99999964 0.0
271.29706 258.58728 300.38074 302.94366 0.9999989 1.0 0.0
142.77455 441.90536 157.49722 473.54666 0.99999905 0.9999999 0.0
279.73914 310.86502 304.3517 347.31067 0.9999994 0.9999994 0.0
54.93257 575.5497 67.35461 596.6092 0.9999988 1.0 0.0
374.96298 449.1111 391.8719 476.37543 0.99999857 1.0 0.0
392.09897 302.24567 409.37183 335.6101 0.99999845 0.99999964 0.0
-1.7640865 572.5439 13.195263 596.1861 0.9999988 0.99999917 0.0
121.22831 482.00946 135.6678 514.3894 0.99999833 0.99999964 0.0
186.28671 253.99377 215.29253 296.61096 0.99999857 0.9999993 0.0
284.85553 309.8951 306.8435 344.95676 0.99999833 0.9999995 0.0
136.49828 496.6672 153.30519 526.1322 0.9999982 0.99999964 0.0
243.32228 449.46558 255.45241 477.9843 0.999998 0.99999964 0.0
227.40224 313.1428 251.99863 344.89996 0.99999833 0.9999993 0.0
97.12252 577.14764 110.95196 597.761 0.999998 0.9999989 0.0
327.55368 285.81476 352.02185 327.06693 0.99999785 0.9999989 0.0
280.07983 491.9155 290.01456 515.34143 0.99999654 0.99999976 0.0
69.583984 284.08963 97.55322 323.9366 0.9999962 1.0 0.0
97.454796 494.7146 109.33639 527.2706 0.999995 0.99999964 0.0
230.05627 218.81073 259.0021 265.0585 0.99999523 0.99999917 0.0
366.6038 446.82892 376.6257 472.48074 0.9999943 0.9999995 0.0
300.80716 578.63104 310.25122 597.41345 0.99999297 0.9999995 0.0
309.44373 308.28824 331.5017 341.28632 0.99999166 1.0 0.0
228.77408 481.19266 236.32295 507.7532 0.99999106 1.0 0.0
107.325905 442.70117 125.02809 478.32855 0.99999094 1.0 0.0
351.69278 442.4849 362.4615 465.36594 0.9999914 0.9999987 0.0
336.468 580.56635 346.76987 596.74207 0.99999154 0.99999833 0.0
-2.2202544 298.47226 14.425998 326.052 0.9999882 0.9999987 0.0
222.19235 576.54865 234.01053 597.90656 0.9999869 0.9999993 0.0
17.251404 573.6508 34.249603 596.5573 0.9999851 0.9999993 0.0
243.565 579.8941 256.2166 594.8681 0.9999858 0.9999981 0.0
372.47946 578.94073 384.30347 598.7627 0.9999814 0.9999976 0.0
259.18875 456.83954 279.39575 488.6717 0.99997556 0.9999993 0.0
75.20279 575.63715 89.50206 597.97076 0.99996793 0.99999857 0.0
260.11124 580.3851 269.24643 597.30927 0.99996305 0.9999988 0.0
112.791504 578.2021 126.574036 598.1226 0.9999598 0.99999976 0.0
278.61487 578.90204 289.6926 596.6019 0.99993837 0.9999987 0.0
136.3237 581.00354 147.91373 597.1277 0.99992585 0.99999654 0.0
239.95541 580.6812 250.60432 597.4264 0.99991715 0.99999845 0.0
356.61453 486.3538 369.33932 513.18756 0.99989486 0.99999833 0.0
100.43236 492.54932 112.30006 526.45074 0.99989176 0.9999982 0.0
356.67758 447.51523 363.72073 470.74268 0.99984014 0.99999976 0.0
229.01677 451.79877 241.36903 476.11505 0.99983346 0.99999857 0.0
355.288 577.9892 364.9885 597.8174 0.99982494 0.9999975 0.0
308.97836 213.5044 332.7455 254.64952 0.9997956 0.9999963 0.0
334.62985 579.9599 343.02402 597.67004 0.9997898 0.9999976 0.0
35.560608 576.24097 52.378513 592.6062 0.99964976 0.99999714 0.0
315.9698 580.7715 328.05383 599.02264 0.99832386 0.99999774 0.0
