398.7553 142.96103 410.99338 167.5508 1.0 1.0 0.0
530.27136 92.855064 547.5 116.64696 1.0 1.0 0.0
86.35231 145.3614 102.22997 200.92346 1.0 1.0 0.0
143.93143 133.70453 159.16888 191.24495 1.0 1.0 0.0
109.47884 386.01822 131.65813 417.3748 1.0 1.0 0.0
333.16724 104.339645 343.15866 127.851204 1.0 1.0 0.0
40.27827 113.25728 56.673073 144.07022 0.9999999 1.0 0.0
226.02426 112.71027 239.02383 179.90932 0.9999999 1.0 0.0
90.45258 97.23214 104.934654 118.49984 0.9999999 1.0 0.0
44.39512 92.56037 60.829647 111.56449 0.9999999 0.9999999 0.0
468.7571 132.46764 482.37323 157.83029 0.9999999 0.9999999 0.0
294.89252 108.842514 304.59055 130.6926 0.99999976 1.0 0.0
329.2236 131.81543 342.08948 201.63574 1.0 0.99999976 0.0
150.6855 106.12954 163.1523 123.41182 0.99999976 0.9999999 0.0
250.02078 539.5127 263.09702 594.7349 0.9999995 0.9999999 0.0
344.49115 114.59838 356.71487 131.76349 0.9999994 1.0 0.0
394.24664 171.9186 404.345 223.05525 0.9999995 0.9999999 0.0
194.95708 386.70538 217.39651 414.97592 0.9999995 0.9999999 0.0
441.14835 382.64197 463.1369 407.9042 0.9999993 1.0 0.0
92.88535 533.39996 111.82844 562.67004 0.9999994 0.9999999 0.0
549.72705 382.31656 572.6903 405.52985 0.9999994 0.9999999 0.0
518.7798 383.05554 543.7034 405.54538 0.99999917 0.9999999 0.0
353.283 151.05972 373.91803 223.20326 0.99999905 1.0 0.0
459.12595 161.13608 474.23923 191.6958 0.99999905 0.9999999 0.0
168.61592 125.35135 178.7171 191.39041 0.99999917 0.99999976 0.0
137.95636 384.5016 158.55585 415.1293 0.99999905 0.9999999 0.0
29.816162 383.19125 52.056805 412.48248 0.9999988 1.0 0.0
465.66928 134.02705 477.19208 155.13924 0.9999988 1.0 0.0
222.53987 386.6224 246.17961 415.10825 0.99999905 0.99999976 0.0
53.84311 388.91718 76.4549 414.97568 0.9999994 0.9999993 0.0
466.22256 382.62598 488.81036 407.2822 0.99999917 0.9999994 0.0
248.5467 383.9853 270.34332 411.77972 0.99999845 1.0 0.0
361.21252 388.8577 383.07492 411.23447 0.99999857 0.99999976 0.0
384.93698 387.12567 410.50964 410.0764 0.99999845 0.99999976 0.0
434.50275 526.627 449.72842 544.92896 0.999998 1.0 0.0
276.52435 381.42923 298.69476 411.06354 0.9999987 0.99999917 0.0
530.8922 120.91157 546.3884 192.70445 0.9999993 0.99999845 0.0
333.64435 388.70206 354.88623 412.05698 0.999998 0.99999976 0.0
144.78214 382.654 166.56396 413.07785 0.99999833 0.9999989 0.0
169.3023 95.67682 179.27257 115.23201 0.9999968 0.99999964 0.0
298.5297 137.74257 316.30197 211.15102 0.999997 0.9999994 0.0
450.2667 186.8758 466.03168 225.97754 0.999997 0.9999993 0.0
38.732693 144.08173 60.17771 191.92831 0.99999726 0.99999905 0.0
152.32114 102.92115 164.16904 119.98473 0.9999964 0.99999976 0.0
61.34549 144.25908 74.5198 210.30763 0.9999914 1.0 0.0
414.36685 387.20322 434.2709 407.2036 0.9999887 0.99999845 0.0
541.4258 133.1875 563.9485 201.57687 0.9999833 1.0 0.0
79.35902 388.50977 103.27218 416.7383 0.9999821 0.99999905 0.0
433.64236 563.9402 447.94785 594.3391 0.9999751 0.99999833 0.0
442.2176 551.6669 459.66333 580.8138 0.9999734 0.99999917 0.0
88.53088 125.30788 102.235176 146.74802 0.9999658 0.99999976 0.0
301.7724 387.61475 325.42386 410.29007 0.99996054 0.99999917 0.0
495.03217 382.34204 516.6771 406.22903 0.999959 0.99999917 0.0
341.3346 144.01956 354.52478 222.67236 0.99996054 0.9999969 0.0
325.60684 388.75015 346.98932 410.85013 0.9999572 0.999998 0.0
164.83546 389.2959 187.89738 412.91696 0.9999471 0.9999987 0.0
61.93946 105.16234 73.34325 131.43338 0.9999206 0.9999974 0.0
350.56625 128.80087 366.5515 140.33311 0.9998056 0.9999987 0.0
