345.34393 247.41104 365.46692 300.48038 1.0 1.0 0.0
411.9108 318.45953 429.18152 354.44916 1.0 1.0 0.0
275.17526 256.0777 306.01334 302.04102 1.0 1.0 0.0
206.99861 49.429996 235.76799 97.09584 1.0 1.0 0.0
142.71156 356.62415 160.69524 377.99246 0.9999999 1.0 0.0
300.42148 54.979115 335.2423 98.80203 1.0 0.9999999 0.0
351.48926 57.62761 382.6486 99.69327 1.0 0.9999999 0.0
367.94086 316.2505 396.604 349.4946 1.0 0.9999999 0.0
495.7292 250.63864 524.12946 323.75977 0.9999999 1.0 0.0
443.80737 59.779095 474.95895 102.327934 0.9999999 0.9999999 0.0
257.15836 50.851646 287.9312 96.52255 0.9999999 0.9999999 0.0
280.9916 320.0459 307.7147 360.92288 0.9999999 0.9999999 0.0
427.71127 249.56107 442.69345 299.53247 0.99999976 0.9999999 0.0
386.35657 231.67847 403.66388 298.12634 0.99999976 0.9999999 0.0
159.86093 234.07567 179.88426 326.8335 0.9999999 0.99999976 0.0
527.1318 359.8537 555.3837 386.43 0.99999976 0.9999999 0.0
394.52625 58.164883 431.52753 102.901596 0.9999999 0.99999976 0.0
505.481 344.24396 524.57086 381.25742 0.99999976 0.99999976 0.0
230.7097 247.46014 265.12656 299.3106 0.99999964 0.99999976 0.0
350.1985 329.1951 369.73663 358.6715 0.99999964 0.9999995 0.0
556.0286 350.81586 584.614 383.81485 0.99999976 0.9999993 0.0
454.0652 234.72394 478.1067 307.4876 0.9999995 0.9999995 0.0
160.40842 46.799694 192.83466 99.08265 0.9999994 0.99999964 0.0
485.9441 61.739365 522.39264 111.41563 0.99999976 0.99999905 0.0
457.0592 313.97644 470.4979 342.7318 0.9999989 0.99999976 0.0
136.78427 214.27171 159.02628 329.2117 0.99999845 0.99999976 0.0
540.59283 63.28422 573.3185 112.90888 0.9999987 0.99999905 0.0
109.10619 44.252792 151.94962 93.16168 0.9999993 0.9999982 0.0
405.46 240.24846 418.98514 281.44128 0.99999714 1.0 0.0
533.96704 253.5527 563.1131 319.7103 0.99999774 0.99999905 0.0
422.75357 465.14404 451.95444 507.38406 0.9999951 1.0 0.0
264.33936 465.1765 299.5633 504.87622 0.99999833 0.99999607 0.0
477.62393 238.72433 498.9163 317.64563 0.99999475 0.9999993 0.0
377.49603 463.13977 408.83682 503.2839 0.9999901 1.0 0.0
