251.49014 297.242 263.20468 314.10825 1.0 1.0 0.0
92.90518 186.57664 107.12105 206.74115 1.0 1.0 0.0
506.16592 318.97452 520.4085 337.6693 1.0 1.0 0.0
331.75845 202.60446 341.8821 224.51767 1.0 1.0 0.0
447.0545 443.44144 458.93506 462.46622 1.0 1.0 0.0
443.07214 325.3371 454.2148 344.89865 1.0 1.0 0.0
413.73135 178.85495 428.9835 197.04704 1.0 1.0 0.0
252.59283 365.9427 267.43814 380.09454 1.0 1.0 0.0
113.00865 316.3262 120.56293 380.87714 1.0 1.0 0.0
11.912689 200.63866 22.890387 225.48267 1.0 0.9999999 0.0
19.350098 515.8787 31.233757 535.7207 0.9999999 1.0 0.0
43.443172 372.32648 60.333687 392.26233 0.9999999 1.0 0.0
346.24606 295.56253 360.68634 316.7767 0.9999999 0.9999999 0.0
115.96284 548.8371 133.11581 572.6263 0.99999976 1.0 0.0
154.84564 299.01965 166.23012 317.29874 0.9999999 0.9999999 0.0
447.97726 322.9608 457.47897 341.05573 0.99999976 1.0 0.0
348.76657 329.7273 364.3697 343.27997 0.9999995 0.9999999 0.0
348.23627 364.82385 364.86627 379.4725 0.9999995 0.9999999 0.0
151.41501 331.67947 163.06084 353.95624 0.9999993 0.9999999 0.0
49.292953 338.57718 63.966663 358.11157 0.99999905 0.99999976 0.0
349.3443 447.57056 358.938 468.88095 0.9999989 0.9999999 0.0
348.65204 291.24158 362.63315 314.0766 0.99999857 0.9999999 0.0
56.607292 512.9895 67.79055 540.27136 0.99999833 0.99999976 0.0
346.0389 324.43668 359.73865 338.1148 0.999998 0.9999999 0.0
48.38691 301.69412 62.09962 319.22787 0.99999845 0.99999917 0.0
82.97148 506.64612 90.371826 534.482 0.9999969 0.9999999 0.0
514.3912 445.8532 521.83887 460.14224 0.999997 0.99999976 0.0
439.19836 288.22186 451.18298 309.7553 0.9999962 0.9999999 0.0
30.108667 183.82414 42.51894 212.01622 0.99999595 0.9999994 0.0
510.9444 352.4023 529.0362 374.78885 0.9999938 0.99999964 0.0
128.66577 305.80753 136.63448 377.972 0.9999938 0.9999995 0.0
111.41607 307.62704 118.26543 314.54422 0.9999902 0.99999964 0.0
57.181812 187.75352 71.4317 214.24023 0.9999896 0.9999999 0.0
114.68288 306.73584 121.7506 313.65573 0.99998116 0.9999994 0.0
444.50052 353.88754 462.1133 375.8185 0.9999635 0.9999994 0.0
153.52658 329.57617 165.63327 350.81055 0.99991703 0.9999993 0.0
86.8897 506.98947 93.5839 535.8194 0.9997029 0.9999974 0.0
