117.30854 59.067917 142.98392 113.41976 1.0 1.0 0.0
155.5426 74.55676 184.82677 118.77004 1.0 1.0 0.0
471.14673 140.63745 500.878 185.8626 1.0 1.0 0.0
432.64996 130.53468 458.69058 172.83948 1.0 1.0 0.0
310.31732 97.11829 348.74075 148.7487 1.0 1.0 0.0
271.67944 93.19147 310.08002 140.58308 1.0 1.0 0.0
191.19699 82.40551 223.99174 121.49075 1.0 1.0 0.0
399.58337 121.144455 419.6819 165.50528 1.0 1.0 0.0
237.09747 89.08997 262.157 135.36401 0.99999976 1.0 0.0
276.22644 400.78952 293.57568 463.31506 1.0 0.99999976 0.0
295.3827 372.43387 312.89417 428.9398 0.99999964 0.9999999 0.0
354.4075 108.67745 387.58032 163.26503 0.9999988 1.0 0.0
525.28625 398.17587 557.3879 484.19147 0.99999845 0.99999833 0.0
493.585 1.5259149 511.87152 25.294924 0.9999981 0.99999857 0.0
19.875237 348.92743 43.97963 417.0142 0.9999981 0.99999774 0.0
