39.729267 362.10397 63.89118 386.52893 1.0 1.0 0.0
447.84158 146.62932 457.75665 195.06058 1.0 1.0 0.0
149.49881 105.21364 159.68095 163.30692 1.0 1.0 0.0
74.55589 48.07707 90.513725 96.86314 1.0 1.0 0.0
285.3588 497.4299 297.83453 514.0751 1.0 1.0 0.0
446.88763 124.04075 456.3827 141.4348 0.9999999 1.0 0.0
331.30273 121.05249 344.1591 168.01022 0.9999999 1.0 0.0
77.44471 19.499554 89.14193 37.25281 0.9999999 1.0 0.0
187.3521 122.2061 197.42404 179.72531 0.9999999 0.9999999 0.0
388.75034 151.16441 401.56104 192.70126 0.99999976 0.9999999 0.0
274.91614 76.93957 284.5042 91.545044 0.99999964 1.0 0.0
14.416807 364.1413 38.707966 386.0958 0.9999999 0.99999964 0.0
208.58794 496.12195 218.68077 553.3196 0.99999964 0.9999999 0.0
98.57877 358.32684 123.10773 386.5368 0.9999999 0.99999964 0.0
178.35846 360.29794 198.10765 386.81122 0.9999995 0.9999999 0.0
545.3192 492.0531 567.33307 509.70285 0.9999995 0.9999999 0.0
384.52466 150.9389 397.44476 199.66576 0.99999964 0.99999964 0.0
100.19117 496.48404 115.17192 546.97815 0.9999994 0.99999976 0.0
228.8764 137.26 239.17972 187.04979 0.9999995 0.9999995 0.0
455.12262 488.7938 474.9073 534.16 0.99999917 0.99999976 0.0
236.15587 554.26764 246.41345 579.66266 0.9999988 0.9999999 0.0
141.74081 107.59104 152.3383 163.20107 0.99999917 0.9999995 0.0
231.79231 359.9504 252.31474 382.50684 0.99999905 0.9999995 0.0
581.4732 278.4649 596.21765 311.01135 0.9999988 0.99999976 0.0
510.36392 137.16946 520.928 159.66002 0.99999905 0.9999994 0.0
459.11487 132.31071 474.92447 190.46527 0.9999993 0.99999917 0.0
216.54594 141.39398 232.84157 194.0423 0.99999833 1.0 0.0
284.12582 139.3424 291.94394 152.92447 0.9999981 0.9999999 0.0
181.99945 121.93116 192.21298 179.99709 0.9999982 0.99999976 0.0
75.10895 113.60577 85.05283 157.54623 0.99999833 0.9999995 0.0
23.013327 97.0871 45.021584 165.38698 0.99999857 0.9999993 0.0
65.15515 532.6733 86.51399 566.23 0.99999785 0.9999994 0.0
214.43729 112.88562 226.5001 135.80986 0.9999974 0.99999976 0.0
382.84778 122.05838 390.3694 145.15688 0.9999975 0.9999995 0.0
402.167 490.1729 414.56058 518.69727 0.99999714 0.9999999 0.0
149.2395 363.40866 172.18077 386.53912 0.9999975 0.99999905 0.0
279.92212 358.42102 301.95117 382.41965 0.99999666 0.99999964 0.0
385.7429 353.88208 407.8689 377.20218 0.9999964 0.9999995 0.0
146.90657 501.04584 164.47495 521.20044 0.99999607 0.99999976 0.0
514.0417 350.4283 539.3036 372.8227 0.9999956 0.9999995 0.0
491.0221 157.36829 506.4573 208.5704 0.9999951 1.0 0.0
349.59332 147.00426 362.9131 192.19714 0.9999949 1.0 0.0
143.97157 538.62946 158.87415 573.2092 0.99999475 0.9999995 0.0
126.41344 360.7155 148.87155 384.4812 0.9999944 0.99999964 0.0
285.293 522.01117 297.50745 563.2747 0.9999932 0.9999993 0.0
116.32858 510.60815 131.59906 553.18677 0.99999297 0.9999993 0.0
403.23465 159.57669 419.48605 207.39146 0.9999918 1.0 0.0
243.70554 519.5501 255.3733 549.9599 0.9999926 0.99999917 0.0
145.28555 506.49878 161.7442 528.39294 0.9999924 0.9999989 0.0
517.6225 158.94287 527.6834 206.10768 0.99999166 0.9999995 0.0
186.8192 92.78235 196.1319 117.31096 0.9999919 0.99999917 0.0
144.21748 522.5295 156.49126 546.6575 0.99999094 0.99999964 0.0
401.35077 141.43007 410.47205 158.68298 0.99999046 0.99999976 0.0
286.77548 108.261055 298.86316 138.46849 0.99999034 0.9999999 0.0
511.92438 132.53072 520.809 151.58217 0.9999902 0.99999976 0.0
355.2258 135.5037 364.8108 150.45193 0.9999887 0.9999999 0.0
462.70883 350.5771 486.98898 374.6508 0.99998915 0.9999989 0.0
280.95947 96.05488 292.6673 108.39186 0.99998796 0.99999964 0.0
311.2788 358.8363 330.6058 381.4574 0.999987 0.9999995 0.0
255.21986 356.83615 279.01495 383.99045 0.9999871 0.9999993 0.0
439.37247 505.6536 454.86148 555.26337 0.99998474 1.0 0.0
363.26688 354.4085 381.24225 379.2497 0.99998534 0.99999833 0.0
268.86624 507.0994 281.5887 560.2976 0.9999815 0.99999917 0.0
490.08426 130.94397 503.89764 150.41022 0.99998045 0.9999995 0.0
412.08685 353.385 431.85486 373.02563 0.9999789 0.9999988 0.0
385.08014 123.040855 392.25955 142.85468 0.9999635 0.99999845 0.0
439.8997 352.18134 457.824 375.08453 0.99995184 0.9999981 0.0
205.71613 359.94934 224.64449 384.44446 0.99994993 0.9999995 0.0
333.70032 358.65598 353.2812 378.0209 0.9999453 0.9999987 0.0
341.49564 122.87329 348.74698 146.23991 0.9999268 0.9999994 0.0
338.04437 121.523674 345.79587 145.68262 0.999925 0.9999976 0.0
491.70853 347.6831 511.712 374.4554 0.99991703 0.9999995 0.0
351.42496 111.866936 358.81122 132.361 0.9999156 0.99999917 0.0
277.19992 119.55233 288.7194 137.21922 0.9993679 0.9999938 0.0
454.49142 105.56502 461.9081 126.45842 0.99894327 0.9999894 0.0
