347.69904 467.6277 363.02972 512.13525 1.0 1.0 0.0
464.63748 56.873177 480.7982 100.25557 1.0 1.0 0.0
400.27502 505.8432 415.98523 544.9768 1.0 1.0 0.0
478.86548 165.82271 493.76218 210.26799 1.0 1.0 0.0
274.08588 121.530914 293.65808 162.72554 1.0 1.0 0.0
249.62599 173.42723 273.54285 211.78378 1.0 1.0 0.0
264.03845 475.12805 278.74814 514.8964 1.0 1.0 0.0
262.50256 274.17795 286.65802 317.2053 1.0 1.0 0.0
366.89886 282.80573 392.43225 321.05365 1.0 1.0 0.0
490.35767 297.5918 530.584 328.97144 1.0 1.0 0.0
432.25366 290.19354 460.0313 324.08157 1.0 1.0 0.0
214.12103 435.204 228.72807 495.9508 0.9999999 1.0 0.0
29.399504 432.1462 54.072342 498.45233 0.9999999 1.0 0.0
312.6263 426.46945 329.99 487.30124 0.9999999 0.9999999 0.0
8.694974 260.93835 41.631516 296.8611 0.99999976 0.9999999 0.0
73.38058 104.278114 101.24491 159.16655 0.9999999 0.99999976 0.0
86.376015 71.99433 110.83186 117.271835 0.9999999 0.99999964 0.0
489.73993 81.517395 514.78577 161.1344 0.9999999 0.99999964 0.0
288.632 91.02647 308.08694 130.08875 0.99999964 0.9999999 0.0
115.866585 440.62894 135.40793 489.58118 0.99999917 1.0 0.0
219.04045 269.12003 256.38486 317.33362 1.0 0.99999917 0.0
298.47818 278.33682 319.10922 323.4244 0.99999976 0.9999993 0.0
459.304 108.50237 479.1717 164.78416 0.999998 1.0 0.0
335.94296 285.489 350.96304 320.86203 0.9999832 0.99999833 0.0
