393.6456 474.016 410.76093 501.38718 1.0 1.0 0.0
549.29736 244.23969 566.8741 274.15015 0.9999999 1.0 0.0
314.38773 57.9336 338.0403 111.26884 1.0 0.9999999 0.0
562.4874 425.26627 585.0253 476.88193 0.99999976 1.0 0.0
47.72966 397.2061 67.883545 423.44547 0.9999999 0.9999999 0.0
505.2941 428.63193 522.5126 466.79245 0.9999999 0.9999999 0.0
269.56522 220.35616 291.15802 252.93066 0.9999999 0.99999976 0.0
119.94173 196.60399 139.70317 233.95407 0.9999999 0.99999964 0.0
565.6301 77.267685 585.5383 113.53876 0.99999964 0.9999999 0.0
232.99036 391.07477 253.16849 433.31393 0.9999999 0.9999995 0.0
175.7561 208.41043 199.89342 241.52133 0.99999976 0.99999964 0.0
574.5008 13.239757 594.61383 51.512905 0.9999995 0.99999976 0.0
297.4845 224.63809 322.26483 255.78915 0.9999994 0.9999999 0.0
341.65634 69.6337 363.0812 130.03976 0.99999976 0.9999993 0.0
325.64658 227.59378 354.74924 261.63196 0.9999993 0.99999976 0.0
366.43585 2.1908076 386.46732 45.578846 0.9999989 1.0 0.0
-0.6771595 189.7012 19.804811 224.03929 0.99999964 0.99999917 0.0
361.12057 232.5425 384.057 265.21317 0.9999989 0.99999976 0.0
203.1525 211.70944 232.7165 242.5804 0.99999905 0.99999964 0.0
149.0026 382.37305 166.75977 421.23734 0.99999917 0.9999995 0.0
26.06752 192.20293 45.497314 224.59924 0.9999988 0.99999976 0.0
403.31668 80.11871 423.0136 124.928375 0.9999989 0.99999964 0.0
540.53845 71.61621 557.5587 109.22589 0.9999988 0.99999976 0.0
149.15132 200.75311 168.91008 238.08759 0.99999917 0.99999917 0.0
-1.0078049 51.140827 13.968171 87.789825 0.99999905 0.9999988 0.0
258.73557 370.16583 279.53357 431.2943 0.99999774 1.0 0.0
468.74902 456.84485 490.18372 506.99466 0.99999845 0.99999917 0.0
377.9122 58.446808 397.5926 122.62659 0.99999857 0.99999905 0.0
343.68008 4.4910755 365.8771 36.407772 0.99999833 0.99999905 0.0
398.02173 -0.4207557 422.20996 30.615524 0.9999976 0.99999905 0.0
421.31564 0.93958867 443.8021 43.99605 0.9999987 0.999998 0.0
289.5885 391.03934 307.07095 434.13254 0.99999535 1.0 0.0
238.7728 214.46153 255.72757 249.7506 0.99999404 0.9999995 0.0
146.64488 65.91265 172.74286 99.267105 0.9999932 1.0 0.0
582.7682 247.2219 597.3754 280.8554 0.9999932 0.9999988 0.0
511.6856 237.63326 534.0977 272.27893 0.9999902 0.9999968 0.0
583.4351 489.12164 599.7879 520.4942 0.99996364 0.9999999 0.0
174.44275 17.519464 190.4026 47.906708 0.9999455 0.99999976 0.0
395.27435 236.00575 416.93634 269.5711 0.99994326 0.9999981 0.0
333.1104 436.40158 346.72656 466.6978 0.9999145 0.99999964 0.0
337.01297 440.1142 351.69742 471.9622 0.9997776 0.9999989 0.0
154.87625 16.223793 170.13412 45.44095 0.9997179 0.9999987 0.0
154.03764 64.104004 154.03764 64.104004 0.9946116 1.0 0.0
147.67503 64.05597 147.67503 64.05597 0.9740514 1.0 0.0
153.96881 64.92699 153.96881 64.92699 0.96525306 1.0 0.0
