74.5352 375.25555 94.72441 420.33582 1.0 1.0 0.0
233.47769 112.374435 255.1271 147.56468 1.0 1.0 0.0
107.00423 102.216255 134.41556 156.10379 1.0 1.0 0.0
291.8994 123.12702 314.53033 166.13814 1.0 1.0 0.0
159.60739 63.532112 186.5 117.80461 1.0 1.0 0.0
529.8539 19.861204 544.88916 54.152443 1.0 1.0 0.0
494.15646 9.600761 508.31638 40.87183 1.0 1.0 0.0
316.36325 171.6485 340.57892 220.51337 1.0 1.0 0.0
248.37198 148.06544 270.87033 191.5139 1.0 1.0 0.0
171.19456 352.81885 188.53653 392.91873 1.0 1.0 0.0
179.02325 121.82317 203.82295 166.16284 1.0 1.0 0.0
137.24599 349.71683 152.60118 395.7053 1.0 1.0 0.0
383.86484 198.55273 397.9506 230.48991 0.9999999 1.0 0.0
316.51923 369.22983 332.21048 425.57144 0.9999999 0.9999999 0.0
86.15149 51.194954 111.74082 99.5619 0.9999999 0.9999999 0.0
284.57315 121.05246 305.42847 167.79474 0.9999999 0.99999976 0.0
416.4123 196.24431 433.44977 226.06406 0.9999995 0.9999999 0.0
274.16083 356.52786 283.8593 389.78592 0.99999905 0.9999999 0.0
230.31018 375.16953 242.85551 422.5514 0.99999857 0.99999976 0.0
378.2941 197.53065 393.465 235.36145 0.99999905 0.99999917 0.0
9.624295 82.88349 46.78362 138.90413 0.9999988 0.9999981 0.0
479.39218 208.08098 493.22345 242.38422 0.99998105 0.9999982 0.0
473.73508 207.27328 488.8199 247.23912 0.99976283 0.99999607 0.0
