278.7176 273.27106 290.62643 298.759 1.0 1.0 0.0
102.63711 199.3852 109.92455 213.11415 1.0 1.0 0.0
119.65402 158.55219 126.788315 172.40857 1.0 1.0 0.0
240.44678 159.15652 247.36487 177.88956 1.0 1.0 0.0
113.68863 45.770725 131.1514 70.12502 0.9999999 1.0 0.0
301.4975 29.669008 316.10718 58.45312 0.9999999 1.0 0.0
309.5421 165.49825 321.34912 181.83276 0.99999976 1.0 0.0
15.026619 38.23083 31.878918 62.945644 0.9999999 0.99999976 0.0
347.6318 70.2781 360.9363 101.06827 0.99999976 0.9999999 0.0
191.04431 75.14938 203.53615 99.221405 0.99999976 0.9999999 0.0
192.6439 205.4477 199.42944 220.18585 0.9999995 0.9999999 0.0
163.91122 71.79665 179.16026 98.511154 0.9999993 0.9999999 0.0
367.87283 358.5798 379.79507 372.81805 0.99999917 1.0 0.0
382.0225 76.33194 396.30475 93.51681 0.99999917 1.0 0.0
251.44653 377.7016 258.37613 398.0491 0.99999917 0.99999976 0.0
371.47202 139.218 378.838 157.49652 0.9999988 1.0 0.0
230.64603 206.68918 237.65529 220.10251 0.9999988 0.9999999 0.0
184.93193 74.17466 198.61862 98.71942 0.99999905 0.9999995 0.0
117.1722 201.26727 124.12482 212.36143 0.9999987 0.9999999 0.0
283.3535 48.57795 295.04642 78.27029 0.9999988 0.99999976 0.0
299.73294 68.33896 314.70996 92.54374 0.9999989 0.9999995 0.0
189.89537 165.84705 196.91072 179.63737 0.99999845 0.9999999 0.0
93.62349 160.16109 100.63943 177.6346 0.99999845 0.9999999 0.0
327.97647 85.16565 339.85324 108.003365 0.99999857 0.99999976 0.0
253.44762 379.0999 260.71655 400.33163 0.99999845 0.9999999 0.0
377.0377 72.51319 391.51874 92.40962 0.9999988 0.9999994 0.0
344.0822 212.86336 353.3026 224.64883 0.9999981 0.9999999 0.0
185.52063 51.52144 195.25471 74.75984 0.9999981 0.99999976 0.0
326.94055 55.46294 342.32468 84.50288 0.99999833 0.9999994 0.0
255.65189 210.65262 264.50275 222.57225 0.99999774 0.9999999 0.0
350.9094 358.5213 359.9625 372.1495 0.9999976 0.9999999 0.0
320.7385 52.05051 334.6011 77.92745 0.99999714 0.99999976 0.0
343.00275 27.852985 354.72937 54.371277 0.9999968 0.9999995 0.0
122.805115 65.32333 140.45949 85.73355 0.99999595 0.99999964 0.0
152.22513 37.24574 164.13882 66.13303 0.9999958 0.99999964 0.0
142.9052 160.32379 149.94183 180.41484 0.9999956 0.99999964 0.0
380.4566 47.003685 390.31244 71.245865 0.99999416 0.9999995 0.0
314.45465 69.67103 328.3238 90.803055 0.9999937 0.99999976 0.0
79.755684 42.710537 91.33962 70.40079 0.99999344 0.9999999 0.0
48.15962 45.349834 65.10687 72.782394 0.9999939 0.9999993 0.0
157.24501 66.097725 172.74925 94.121185 0.99999416 0.9999988 0.0
367.60086 82.154434 381.81674 108.48678 0.9999933 0.9999993 0.0
328.11926 146.8383 332.9112 160.64578 0.99999213 0.99999976 0.0
326.85562 211.40965 333.836 222.70695 0.9999919 0.99999976 0.0
217.84076 39.50599 246.15909 96.65099 0.9999925 0.99999905 0.0
204.64275 205.93864 213.52577 220.10953 0.99999034 0.99999976 0.0
332.3736 34.30424 343.90454 65.16123 0.9999901 0.9999999 0.0
84.14013 68.00709 93.968056 91.30681 0.9999907 0.9999993 0.0
251.54312 161.37865 258.6232 181.94286 0.9999902 0.99999964 0.0
372.89426 210.27353 377.82654 224.25404 0.9999896 0.99999976 0.0
51.20399 67.99417 67.76728 93.38499 0.99998844 0.9999999 0.0
362.64474 40.488228 374.24036 70.412056 0.9999887 0.99999964 0.0
242.78902 146.20334 249.74602 161.89229 0.99998784 0.99999964 0.0
288.81082 79.01312 298.06027 101.25603 0.9999846 0.99999976 0.0
304.90155 85.155426 313.99466 110.20458 0.99998415 0.99999976 0.0
194.7398 206.16655 203.71724 220.26056 0.9999845 0.9999994 0.0
107.385544 201.70007 113.97772 215.13985 0.9999821 0.9999999 0.0
257.882 141.41068 262.7512 157.37659 0.9999821 0.99999964 0.0
140.55374 201.49391 147.3244 216.86615 0.999979 0.99999964 0.0
233.49973 161.87027 240.47653 179.91766 0.99997795 0.99999964 0.0
347.44757 359.13165 357.09064 373.48706 0.99997556 0.9999995 0.0
369.80347 161.4448 376.60464 184.84418 0.99997544 0.9999995 0.0
298.42252 208.54778 305.09747 222.42204 0.99996877 0.9999993 0.0
291.8328 206.66008 298.5712 222.17787 0.9999641 0.99999976 0.0
315.2427 211.43385 324.07434 223.10391 0.99995756 0.9999993 0.0
152.7027 204.1529 159.56697 218.28758 0.99995697 0.9999995 0.0
123.66806 201.85658 130.57127 215.48508 0.99995565 0.999998 0.0
178.85526 203.91635 185.21323 217.76787 0.9999212 0.9999981 0.0
187.99725 204.30333 194.82921 220.52878 0.99989593 0.99999833 0.0
22.56263 63.348175 41.81014 82.39125 0.9998841 0.9999988 0.0
100.79805 199.70792 107.79067 214.11981 0.99985766 0.9999981 0.0
363.9607 210.96536 368.3379 224.61732 0.99983513 0.9999989 0.0
292.704 40.361523 304.818 70.48352 0.9998103 0.9999994 0.0
260.5349 167.58987 264.86188 182.43748 0.9997986 0.9999988 0.0
220.63898 206.13466 229.52753 221.83075 0.9997882 0.99999595 0.0
288.94278 206.60469 295.5408 222.74626 0.99977857 0.9999958 0.0
239.6993 206.74498 246.406 222.78264 0.9996896 0.9999964 0.0
262.84952 143.08691 269.56842 161.02428 0.999665 0.9999964 0.0
240.68916 167.15877 247.6069 186.79472 0.99963284 0.9999988 0.0
335.3926 209.24377 339.66577 222.49762 0.9994646 0.9999974 0.0
