22.220543 299.12738 41.18781 325.26337 1.0 1.0 0.0
383.3281 381.82645 404.29346 415.02243 1.0 1.0 0.0
284.9808 361.44315 302.84564 392.0326 1.0 0.9999999 0.0
1.3195882 292.02722 18.7692 323.8174 1.0 0.99999964 0.0
187.43324 422.40594 199.3324 469.74008 0.99999964 0.9999999 0.0
164.125 330.79517 182.77444 363.21625 0.99999964 0.9999999 0.0
273.73236 358.15576 295.39035 388.56934 0.99999964 0.9999999 0.0
370.80798 466.7213 387.87268 524.2113 0.99999964 0.99999976 0.0
490.68777 533.0231 502.9703 563.01996 0.9999989 0.99999964 0.0
569.85034 428.36136 583.70435 457.34564 0.99999905 0.9999994 0.0
295.43546 470.3982 307.28278 511.4294 0.99999917 0.99999917 0.0
551.656 531.29175 576.234 563.65344 0.99999833 0.99999964 0.0
306.02 364.8267 323.54944 393.74442 0.999998 0.99999976 0.0
330.53757 371.09576 350.85284 400.0023 0.9999974 0.9999995 0.0
197.54173 339.79657 212.77115 373.4875 0.99999774 0.99999905 0.0
330.3196 464.60364 344.86774 510.12064 0.9999981 0.99999845 0.0
222.9072 346.4441 243.28018 381.89157 0.9999949 0.9999994 0.0
261.3469 453.00565 269.68506 500.17053 0.99999034 0.99999833 0.0
309.21725 469.1505 322.0735 508.06116 0.9999887 0.9999993 0.0
356.43927 378.1221 376.09467 407.71634 0.99998486 0.99999917 0.0
139.79726 322.93234 158.04573 361.00867 0.9999802 0.9999989 0.0
347.4259 370.66635 364.93066 401.01343 0.99997485 0.9999987 0.0
547.6734 524.8494 566.9017 554.9838 0.99997437 0.99999833 0.0
11.683167 389.16986 26.882816 420.77783 0.99996436 0.99999726 0.0
521.4953 413.57684 540.5523 444.53183 0.99995446 0.9999989 0.0
268.8463 441.3097 277.95728 488.47668 0.999928 0.99999905 0.0
343.05054 465.52502 356.5287 514.3791 0.99991095 0.9999987 0.0
322.5834 463.4705 336.89035 515.583 0.99980146 0.999997 0.0
492.73053 407.16003 512.39954 436.3414 0.9997569 0.99999857 0.0
582.2958 429.35608 597.5245 458.01923 0.9995628 0.99999607 0.0
487.29407 515.6189 507.37152 550.65106 0.9995042 0.99999595 0.0
10.847221 399.6331 24.094584 425.5751 0.99943954 0.9999863 0.0
498.6521 510.393 511.45575 553.3502 0.99867815 0.99999344 0.0
-3.142668 424.53656 14.354541 471.1267 0.99824417 0.9999707 0.0
165.68445 429.4096 178.29831 475.35596 0.99809307 0.9999883 0.0
317.98538 526.5941 332.14038 550.4786 0.9968534 0.99999595 0.0
559.77405 429.34546 580.5788 450.26315 0.9960498 0.9999943 0.0
53.11282 77.92874 71.3926 132.59616 0.99062294 0.9999746 0.0
211.32957 431.91736 225.77394 472.72223 0.98701906 0.9999893 0.0
161.96129 416.72742 175.31136 463.14435 0.98291934 0.999995 0.0
11.457141 417.438 29.744444 459.1143 0.98214483 0.9999857 0.0
179.02448 419.52597 194.29385 460.2599 0.9555365 0.99997854 0.0
334.95218 523.87665 344.06906 545.1727 0.89393395 0.9999634 0.0
549.7021 421.5943 570.94604 453.34286 0.8833228 0.9999732 0.0
339.5543 531.471 345.194 558.04944 0.8238671 0.9999738 0.0
530.08215 500.6586 543.69824 540.1848 0.6256938 0.99996233 0.0
41.5157 83.0713 54.710514 116.61259 0.5864385 0.99996865 0.0
3.6538568 378.91763 18.558207 404.01398 0.41374847 0.9999807 0.0
520.6194 165.82344 546.1396 217.56161 0.3945629 0.99991274 0.0
517.529 173.70331 532.36316 225.06448 0.37386644 0.9999367 0.0
256.66943 444.07495 270.744 493.98978 0.3655388 0.9999652 0.0
249.42711 356.56857 263.35263 383.88538 0.34851092 0.99999034 0.0
378.1214 457.63342 397.9447 516.98804 0.34747005 0.9999987 0.0
