279.85077 52.19655 297.51236 113.603294 1.0 1.0 0.0
186.12518 64.775375 198.62814 105.55023 1.0 1.0 0.0
385.55334 358.2297 403.44434 391.37418 1.0 1.0 0.0
277.35403 346.6659 297.43207 378.78098 1.0 1.0 0.0
328.3734 150.72543 340.4754 189.26633 1.0 1.0 0.0
203.42099 483.22012 217.99118 511.54465 1.0 1.0 0.0
49.416847 406.55154 73.843056 452.93463 1.0 0.9999999 0.0
377.17044 356.7049 395.52362 390.75046 1.0 0.9999999 0.0
54.96262 308.71152 76.916115 342.86465 0.9999999 1.0 0.0
333.20993 354.07632 348.0337 387.30118 0.9999999 0.9999999 0.0
214.92116 427.65137 232.12958 466.43106 1.0 0.99999976 0.0
160.89384 332.597 186.34653 362.0265 0.99999976 0.9999999 0.0
225.86601 341.3675 240.60901 372.1525 0.99999976 0.9999999 0.0
207.88602 110.83757 224.9218 161.09756 0.99999976 0.9999999 0.0
62.789543 8.216509 83.2497 67.41646 0.9999999 0.99999976 0.0
367.17447 110.838646 382.3665 158.42291 0.99999976 0.9999999 0.0
400.03012 135.38968 412.28397 166.96323 0.99999964 0.9999999 0.0
209.32277 480.35074 223.24794 510.28943 0.99999976 0.99999964 0.0
18.555504 463.35486 43.250813 492.95026 0.9999999 0.9999995 0.0
254.64717 418.915 266.92804 459.34445 0.9999995 0.9999999 0.0
-2.300256 303.01062 11.694431 335.70404 0.99999964 0.99999976 0.0
228.95677 93.55286 241.70808 135.42029 0.9999995 0.99999976 0.0
315.52826 82.158455 327.95 129.47647 0.99999905 0.9999999 0.0
23.719439 307.70694 46.033543 341.33255 0.9999989 0.9999999 0.0
240.73486 106.94442 255.32216 154.90248 0.99999845 0.9999999 0.0
299.2555 145.56282 308.8962 179.50407 0.9999962 0.99999976 0.0
250.53778 347.01553 269.8019 372.99124 0.99999356 0.9999999 0.0
362.58997 360.5172 374.637 388.55518 0.99999034 0.99999976 0.0
252.26553 476.5406 262.27087 509.10626 0.99999034 0.99999917 0.0
308.57687 352.3941 325.21194 384.11038 0.99997485 0.9999987 0.0
198.23868 427.08887 210.19458 462.99536 0.9999732 0.99999964 0.0
195.35225 338.58783 212.28949 367.71445 0.99996233 0.9999987 0.0
255.9183 474.62286 265.2628 509.48956 0.9998324 0.99999857 0.0
