255.16766 309.05493 274.14972 323.98697 1.0 1.0 0.0
342.26077 341.6031 358.76108 358.38248 1.0 1.0 0.0
106.66717 162.94778 118.74029 188.14687 1.0 1.0 0.0
517.40875 317.3715 534.0568 333.69232 1.0 1.0 0.0
342.0185 285.55426 353.87177 304.82498 1.0 1.0 0.0
211.026 186.71075 221.32242 212.1748 1.0 1.0 0.0
160.50055 178.89494 168.80678 203.66257 1.0 1.0 0.0
121.56303 164.00563 136.22443 186.78096 0.9999999 1.0 0.0
234.22511 453.77518 245.40392 478.2036 1.0 0.9999999 0.0
428.08807 317.3386 446.77353 334.03946 0.9999999 1.0 0.0
169.48335 303.43787 184.18394 324.27643 1.0 0.9999999 0.0
81.821655 300.14337 94.16603 316.13153 0.9999995 0.9999999 0.0
430.45764 418.9623 440.83966 443.5865 0.9999995 0.9999999 0.0
227.72124 175.7273 237.86145 200.2037 0.9999993 0.99999976 0.0
84.093636 304.88086 97.075554 322.00076 0.99999845 0.99999976 0.0
278.25522 454.2946 287.59592 477.36194 0.99999666 0.99999976 0.0
516.69934 422.1164 527.7791 441.7708 0.99999654 0.99999964 0.0
429.2231 289.2576 443.41443 305.08353 0.99999607 0.9999999 0.0
155.15381 410.3628 166.7816 432.24014 0.9999944 0.9999999 0.0
344.10748 313.68488 358.22864 328.45767 0.99999344 0.99999976 0.0
258.64267 271.27246 274.71628 291.7756 0.9999931 0.99999964 0.0
415.16788 166.72574 428.6505 199.22331 0.9999925 0.9999999 0.0
169.77667 276.13452 186.13112 291.75787 0.9999926 0.99999976 0.0
255.79892 461.84293 265.3387 485.70938 0.9999881 0.99999964 0.0
429.2188 422.62073 439.26065 446.21695 0.9999832 0.99999976 0.0
68.10756 412.0156 80.4464 432.41653 0.99998295 0.99999964 0.0
430.0572 311.97717 444.42422 330.6599 0.99997044 0.9999982 0.0
62.33329 411.4544 74.35253 434.4774 0.99988914 0.99999726 0.0
528.6451 191.74379 541.471 206.24649 0.9996921 1.0 0.0
102.937584 166.078 113.82408 191.35512 0.9996691 0.9999957 0.0
566.79846 185.45935 579.2997 211.30945 0.99949944 0.99999917 0.0
519.4613 425.97406 526.8646 446.1131 0.99739814 0.9999937 0.0
520.6705 194.09264 520.6705 194.09264 0.979884 1.0 0.0
533.9646 193.3771 533.9646 193.3771 0.92927825 1.0 0.0
534.7284 188.71033 534.7284 188.71033 0.9027336 1.0 0.0
