457.83023 18.555578 476.29575 55.056793 1.0 1.0 0.0
366.5289 129.02675 376.69748 155.62187 1.0 1.0 0.0
546.87384 21.518162 577.836 58.978626 1.0 1.0 0.0
281.5053 241.32153 299.41544 273.94226 1.0 1.0 0.0
432.59644 186.94754 450.30838 209.10129 1.0 1.0 0.0
367.44745 303.41617 388.0689 347.01123 1.0 1.0 0.0
456.6507 127.51068 474.33612 171.04662 1.0 0.9999999 0.0
542.53467 144.58089 558.1652 185.6119 0.9999999 1.0 0.0
212.24673 17.685785 228.3865 49.341846 0.9999999 1.0 0.0
41.8922 473.37463 66.91127 523.3484 1.0 0.9999999 0.0
97.72237 110.334625 115.64847 153.35228 0.9999999 0.9999999 0.0
463.5973 520.9598 478.47928 554.9021 0.9999999 0.9999999 0.0
438.50873 126.67502 450.92004 161.93097 0.99999976 0.9999999 0.0
452.37433 276.25006 476.5955 357.9493 0.99999976 0.9999999 0.0
295.19293 10.9207535 312.325 45.197403 0.99999964 1.0 0.0
351.9777 263.92618 371.53278 302.64178 0.99999976 0.99999964 0.0
365.73584 171.02797 377.92493 197.0528 0.9999993 1.0 0.0
197.4933 480.89975 214.55786 525.03143 0.9999993 1.0 0.0
265.0241 263.76135 282.35733 296.0579 0.99999976 0.9999994 0.0
427.68378 508.83694 445.19717 554.7613 0.9999994 0.99999976 0.0
303.36453 283.15765 323.23193 325.19382 0.99999917 1.0 0.0
284.99753 310.22726 312.30148 358.183 0.9999994 0.99999964 0.0
70.177864 260.9708 90.57985 302.0264 0.99999917 0.99999976 0.0
265.64914 500.92447 283.20233 539.9997 0.99999905 0.99999976 0.0
301.2738 113.998505 313.37646 153.45209 0.9999989 0.99999976 0.0
196.84564 117.62205 209.89516 150.5422 0.9999989 0.99999976 0.0
411.26035 118.09748 425.52316 154.62115 0.9999989 0.99999976 0.0
226.05626 242.22401 240.22218 272.45425 0.99999857 0.99999976 0.0
367.72223 532.27734 385.68405 570.3192 0.9999989 0.9999994 0.0
321.1351 174.90454 331.38007 202.72195 0.99999845 0.9999999 0.0
401.156 19.593344 419.06894 56.1889 0.9999981 1.0 0.0
121.87543 22.437927 137.44627 47.737804 0.9999982 0.9999999 0.0
147.45663 497.8883 163.74164 528.68176 0.99999833 0.99999976 0.0
336.82858 125.70917 348.93658 158.35336 0.9999982 0.99999976 0.0
235.45158 276.94238 256.05588 313.61862 0.99999714 1.0 0.0
564.3282 189.09274 588.163 215.52232 0.9999975 0.9999988 0.0
347.24707 15.011331 362.3174 51.779938 0.99999654 0.99999964 0.0
189.37872 22.563423 202.78128 47.902924 0.99999726 0.9999988 0.0
373.91452 17.4704 391.40982 52.019505 0.99999654 0.9999995 0.0
142.6879 18.422169 162.93904 47.58742 0.9999963 0.99999964 0.0
46.732155 116.14056 62.160557 150.17755 0.99999607 0.9999995 0.0
212.14987 122.936066 229.61339 148.4497 0.9999958 0.99999964 0.0
305.05328 522.6168 322.6529 559.71454 0.99999595 0.9999989 0.0
518.65356 25.608576 540.76373 56.649757 0.99999404 1.0 0.0
182.66809 158.62935 195.56227 184.81416 0.9999944 0.9999995 0.0
299.431 173.64429 311.80035 212.06177 0.99999297 1.0 0.0
482.4967 149.85376 497.55783 178.14034 0.9999926 0.9999995 0.0
57.225174 21.225655 78.8896 48.653065 0.99999213 1.0 0.0
-1.4667848 282.67368 20.713846 321.91412 0.9999943 0.99999774 0.0
67.89872 104.6339 81.32094 149.60727 0.9999907 1.0 0.0
97.999954 22.294226 117.42909 48.691063 0.99999034 0.99999964 0.0
492.80035 126.565346 504.42606 155.03543 0.9999889 0.9999995 0.0
89.92969 487.23566 112.86809 531.2671 0.99998903 0.9999989 0.0
540.8306 550.1423 561.4822 598.7848 0.9999875 1.0 0.0
428.38782 18.537687 448.29123 58.753498 0.99998856 0.9999989 0.0
15.003386 15.682768 37.197456 46.110588 0.9999865 0.9999994 0.0
296.32132 119.37001 309.6688 151.66716 0.9999844 0.9999988 0.0
33.809784 16.97003 56.954582 44.407204 0.99998 1.0 0.0
9.0755415 247.44362 31.946611 297.18243 0.9999795 0.9999999 0.0
321.43314 14.022582 337.0391 46.202007 0.9999813 0.999995 0.0
351.5496 168.60278 361.29144 204.32292 0.99996114 0.99999833 0.0
314.8769 131.00154 327.28293 156.60686 0.9999598 0.9999994 0.0
382.22244 127.59396 399.30014 156.24847 0.9999397 0.99999976 0.0
529.1554 279.84784 553.9694 369.81387 0.99993646 1.0 0.0
582.81726 528.5852 593.7958 566.9451 0.9999342 0.99999785 0.0
82.93619 113.29549 95.090225 150.42268 0.99989855 0.9999994 0.0
77.61825 21.889057 97.876366 47.04759 0.99989283 0.9999988 0.0
164.13065 22.204533 185.97992 49.834362 0.9998443 0.99999976 0.0
487.99835 24.938602 507.8649 54.605026 0.9998311 0.9999994 0.0
201.53284 155.52217 213.38016 175.09286 0.9997904 0.9999993 0.0
404.34592 496.10867 411.75906 535.6963 0.9995566 0.9999989 0.0
