273.81564 130.59384 287.46652 162.46315 1.0 1.0 0.0
284.84058 132.61005 297.69165 159.51921 1.0 0.9999999 0.0
213.11005 93.654305 228.38248 128.00017 0.99999976 0.99999976 0.0
285.7337 393.5804 304.90976 422.16028 0.99999917 0.99999964 0.0
157.84595 300.35794 171.55484 320.49738 0.9999974 0.9999999 0.0
235.6218 451.72937 250.62033 487.91638 0.9999975 0.99999964 0.0
286.54474 445.77655 304.1959 490.53677 0.9999943 0.9999987 0.0
346.99112 392.27292 363.61398 417.3084 0.9999918 0.9999993 0.0
119.31001 299.96652 133.49725 317.22916 0.999984 0.9999994 0.0
274.87427 396.98917 294.42957 443.80078 0.99998236 0.9999993 0.0
216.94884 97.668594 227.33276 124.10915 0.9999778 0.99999833 0.0
189.06073 383.20505 211.2974 424.70163 0.9999734 0.9999981 0.0
335.55988 419.1423 353.7506 466.3931 0.9999192 0.99999857 0.0
168.05281 299.56702 183.99457 319.35275 0.9998759 0.9999964 0.0
160.68117 519.17615 172.08437 538.052 0.99979454 0.9999987 0.0
159.17058 497.829 174.31824 520.2721 0.9986842 0.9999896 0.0
250.61913 143.27927 267.42032 167.10794 0.9985917 0.99999356 0.0
195.60945 303.44785 210.83818 321.37637 0.99750084 0.9999914 0.0
4.797494 300.97504 17.73225 319.82663 0.9972377 0.9999888 0.0
182.33307 390.759 201.75526 435.62064 0.99721485 0.9999968 0.0
519.3515 298.31592 536.0531 322.91147 0.9968143 0.99998426 0.0
9.103981 294.55536 22.979107 315.857 0.99674785 0.9999927 0.0
308.3306 131.16273 318.8898 164.17184 0.9957675 0.9999969 0.0
274.3783 438.95367 295.09436 487.71042 0.98142827 0.99995613 0.0
493.5698 123.15898 508.80698 162.60828 0.9739386 0.9999677 0.0
66.74751 297.31018 78.7839 315.97058 0.9628276 0.99999046 0.0
277.27783 142.1683 291.71628 161.7273 0.9588904 0.99999166 0.0
329.92395 452.76953 343.76447 487.43823 0.93987215 0.99999213 0.0
310.68115 386.36996 329.736 416.32498 0.9274983 0.9999877 0.0
515.3143 300.5795 524.6642 320.42352 0.82080555 0.9999914 0.0
438.12164 299.4482 451.62604 322.52243 0.8146537 0.9999502 0.0
241.35541 153.70935 255.11066 179.22882 0.74520665 0.99995077 0.0
239.17267 447.72375 254.59512 489.04846 0.6735865 0.99991274 0.0
349.0107 404.1861 364.6909 440.979 0.66491127 0.99998116 0.0
352.40958 415.35934 370.55133 469.631 0.6436187 0.99997365 0.0
310.11493 442.3716 328.87036 497.2126 0.6296553 0.99997306 0.0
382.51266 299.44427 395.9642 317.9989 0.61937785 0.99993813 0.0
78.89194 303.80197 93.12277 318.50037 0.56089395 0.99997735 0.0
321.64798 445.11157 339.87238 489.3053 0.5051245 0.9999622 0.0
172.25336 470.66196 187.97084 512.9174 0.44383442 0.9999875 0.0
469.5465 310.68204 478.8435 324.20926 0.39877945 0.99998105 0.0
301.25668 10.422797 314.59634 19.52231 0.3280448 0.99994516 0.0
59.000763 119.42816 72.55396 142.87422 0.32349098 0.9999063 0.0
