228.32138 481.68604 250.46437 524.30853 1.0 1.0 0.0
98.88973 227.00233 105.85165 253.36336 1.0 1.0 0.0
98.85193 200.87672 108.40474 220.14763 1.0 1.0 0.0
89.677246 277.43503 101.0919 293.9226 1.0 0.9999999 0.0
321.869 315.7375 329.02286 341.39105 0.9999999 0.9999999 0.0
442.7078 147.79929 452.17673 166.62247 0.9999999 0.9999999 0.0
142.8969 275.9014 157.56268 291.95248 0.99999976 0.9999999 0.0
1.7894819 282.49567 14.918331 300.11948 0.99999976 0.9999999 0.0
274.7553 27.225685 284.87347 73.83156 0.9999999 0.99999976 0.0
33.95858 278.7878 47.896774 298.0699 0.99999976 0.9999999 0.0
307.81827 408.59015 317.7468 425.13135 0.9999995 1.0 0.0
369.51166 399.76212 379.28015 420.08203 0.99999964 0.9999999 0.0
216.51784 268.62262 228.06723 289.0105 0.9999995 1.0 0.0
18.21109 226.74568 30.013458 249.26567 0.9999995 1.0 0.0
150.51903 448.7901 157.56552 460.90744 0.9999995 0.9999999 0.0
19.554224 196.81961 28.876404 215.0272 0.9999995 0.9999999 0.0
228.45383 414.68845 237.71303 428.17044 0.9999994 1.0 0.0
348.43152 403.33105 358.17755 421.59897 0.9999994 0.9999999 0.0
270.96567 269.57104 279.9979 285.37195 0.9999993 1.0 0.0
184.01399 422.5551 192.87273 436.68872 0.9999994 0.9999999 0.0
286.1671 211.06377 295.84558 232.80116 0.9999993 0.9999999 0.0
227.79677 159.33725 237.44864 176.0461 0.9999995 0.99999964 0.0
154.1678 489.14456 178.40329 532.4271 0.99999964 0.9999993 0.0
231.87988 416.62698 241.93861 430.35086 0.99999905 0.99999976 0.0
283.1357 269.03574 292.27737 280.87332 0.9999989 0.9999999 0.0
67.06739 427.16306 76.39692 446.35602 0.99999905 0.99999976 0.0
297.9495 210.2623 305.17648 226.88387 0.99999857 0.9999999 0.0
126.10463 520.99536 138.45773 543.4754 0.99999905 0.9999993 0.0
116.132805 226.8795 125.40611 250.5996 0.99999833 0.9999999 0.0
419.69064 149.78972 426.88794 166.2082 0.9999981 0.9999999 0.0
300.29 157.48753 309.54547 171.56151 0.9999974 0.9999999 0.0
164.1728 421.20297 173.2858 433.2192 0.999997 0.9999999 0.0
228.74815 267.67844 239.78918 289.29825 0.99999714 0.99999976 0.0
410.82474 259.73373 421.8737 272.14172 0.9999968 0.9999999 0.0
304.34546 264.37396 316.12015 281.19525 0.9999962 0.99999976 0.0
453.57343 148.31572 464.49506 163.80394 0.99999607 0.9999999 0.0
447.70715 255.7602 463.84732 269.80905 0.9999949 0.9999999 0.0
171.07402 447.389 175.64221 461.6278 0.9999949 0.9999999 0.0
398.28183 151.11974 405.41104 167.22441 0.999995 0.99999964 0.0
163.69264 275.63144 193.91763 289.7956 0.9999949 0.99999964 0.0
46.83328 433.30585 57.88505 445.3984 0.9999939 0.99999976 0.0
115.09467 423.66272 124.40838 440.63123 0.9999939 0.99999976 0.0
108.528206 422.19632 113.899956 443.0412 0.9999926 0.99999976 0.0
416.74957 395.78094 435.27225 412.5344 0.9999925 0.9999995 0.0
447.59174 210.24066 452.5833 232.09193 0.99999094 0.99999976 0.0
198.63837 483.11276 218.30664 527.76605 0.9999888 0.9999994 0.0
14.79851 196.76971 24.80637 216.9511 0.9999887 0.9999994 0.0
213.26172 162.98132 222.91376 177.04573 0.99998856 0.99999917 0.0
131.50894 500.12405 148.28206 522.85504 0.999987 0.9999995 0.0
112.417755 277.21884 123.948204 295.77188 0.9999865 0.9999994 0.0
113.28978 204.36223 120.52726 220.65468 0.9999856 0.99999964 0.0
435.1616 258.25714 450.12024 271.66022 0.99998546 0.9999995 0.0
366.69553 260.1585 378.30884 276.65207 0.99998546 0.9999993 0.0
105.72238 191.87611 113.0848 220.53221 0.9999845 0.9999999 0.0
233.06982 187.64807 240.23701 208.55649 0.99998426 0.99999976 0.0
258.66733 264.1661 267.0282 280.10873 0.99998415 0.99999976 0.0
129.07564 185.19484 136.21172 210.15799 0.99998176 0.9999987 0.0
2.0624397 432.94547 14.001306 450.1661 0.99997914 0.99999905 0.0
429.15262 257.50677 443.3098 271.94684 0.99997306 0.99999976 0.0
105.459175 420.132 110.28244 440.17148 0.99997365 0.99999917 0.0
192.20694 418.49408 206.37006 433.80664 0.9999713 0.9999994 0.0
215.82306 161.47218 225.5028 176.1089 0.99997115 0.99999917 0.0
250.6156 159.10432 262.63263 173.9549 0.99996924 0.9999994 0.0
277.10226 158.874 283.93286 173.07762 0.999967 0.99999964 0.0
259.81857 269.15497 269.38605 283.15045 0.99996436 0.9999993 0.0
239.91049 267.7334 249.26453 287.88004 0.999962 0.9999993 0.0
143.74603 421.48483 153.45126 438.1262 0.9999566 0.99999917 0.0
132.9115 216.14438 142.701 242.94003 0.999951 0.9999999 0.0
-0.6292026 283.9526 11.450906 299.45883 0.9999502 0.99999905 0.0
290.16425 180.22903 299.84647 197.01726 0.99994886 0.99999774 0.0
410.0496 149.8735 419.38004 165.25581 0.999943 0.9999995 0.0
26.071503 284.32608 35.693542 298.2274 0.9999331 0.9999987 0.0
262.2092 159.53767 274.3328 173.39597 0.9999126 0.9999974 0.0
293.81396 264.7291 304.7813 283.5043 0.9998983 0.9999987 0.0
281.06384 191.76074 288.38342 221.50699 0.99989533 0.99999857 0.0
231.65762 218.51065 236.2583 244.60457 0.9998888 0.9999993 0.0
377.95822 403.06284 386.70166 416.9815 0.9998803 0.99999654 0.0
237.70761 415.36136 248.77594 426.9836 0.99988425 0.99999213 0.0
390.0047 259.55154 396.72504 275.71222 0.9997855 0.9999956 0.0
158.17973 446.05157 166.75876 462.85095 0.9997658 0.9999931 0.0
239.42966 159.19345 248.73521 178.22702 0.9997472 0.99999714 0.0
129.62851 222.92403 138.92398 252.34525 0.99974173 0.9999994 0.0
377.51956 259.89673 386.60635 276.20505 0.99975806 0.99998295 0.0
285.85953 156.61757 295.29684 173.43333 0.99971217 0.99999356 0.0
155.50233 423.82214 164.52283 437.84448 0.9996911 0.99998486 0.0
125.76933 421.09488 132.45323 440.85388 0.999666 0.9999962 0.0
101.729454 278.5712 108.254814 295.46423 0.999645 0.99999857 0.0
133.68658 276.05188 146.06795 293.33377 0.9995419 0.99999285 0.0
361.04562 400.88724 367.53317 419.77316 0.9995388 0.999992 0.0
309.21295 156.81358 318.52048 172.9192 0.99951184 0.99999046 0.0
173.22888 419.57727 182.80019 436.48737 0.9995111 0.99998105 0.0
124.90592 278.1208 131.81747 295.08304 0.99947137 0.9999975 0.0
434.05212 147.62927 440.98392 166.82426 0.99940884 0.999997 0.0
12.165477 283.01428 26.619915 302.17966 0.99818265 0.9999864 0.0
