433.24835 76.642624 443.22418 144.70294 1.0 1.0 0.0
139.34485 366.9269 158.76004 386.85095 1.0 1.0 0.0
27.575985 73.77736 46.503876 124.7208 1.0 1.0 0.0
287.69608 91.97268 297.62457 113.867615 1.0 1.0 0.0
35.70751 372.21695 53.261665 393.8089 1.0 1.0 0.0
195.70909 88.008095 207.79575 108.463234 0.9999999 1.0 0.0
277.85248 121.85216 292.72525 194.11787 1.0 0.9999999 0.0
192.18008 361.171 215.48383 386.62912 0.9999999 1.0 0.0
473.16077 97.33521 488.35107 158.2288 0.9999999 1.0 0.0
221.92401 359.37033 245.28282 383.88293 0.9999999 1.0 0.0
61.226837 104.87825 79.81644 175.94493 0.9999999 0.9999999 0.0
299.90192 131.10498 315.4602 196.26102 0.9999999 0.9999999 0.0
59.407234 372.3922 80.19916 398.3927 1.0 0.99999976 0.0
515.31396 103.729774 538.0318 156.8732 0.99999976 1.0 0.0
241.14314 111.28773 252.7766 130.4978 0.99999964 1.0 0.0
11.841299 135.42818 38.38346 194.19463 0.9999999 0.99999976 0.0
107.97261 366.31094 130.66159 392.43933 0.99999976 0.9999999 0.0
509.15677 104.57452 529.7322 162.32864 0.99999976 0.99999964 0.0
231.07588 138.37515 246.29965 215.2612 0.99999964 0.99999976 0.0
352.37906 350.38647 374.86438 375.43127 0.99999976 0.99999964 0.0
534.2752 339.01373 561.1036 365.87827 0.9999999 0.9999995 0.0
113.4725 149.67874 133.82048 204.8294 0.9999995 0.99999976 0.0
72.36628 77.82492 85.126366 98.9348 0.99999976 0.9999994 0.0
429.88342 346.69696 454.0379 371.0988 0.9999989 1.0 0.0
349.93854 119.59321 363.01904 177.54976 0.9999988 0.99999976 0.0
126.924904 125.82921 141.10211 147.11932 0.9999987 0.9999999 0.0
86.765015 371.7381 108.83056 392.40195 0.99999833 0.9999999 0.0
235.14262 115.80356 248.04066 136.72801 0.9999987 0.9999994 0.0
296.86697 354.03513 321.01205 379.18228 0.99999857 0.99999917 0.0
197.72775 118.487656 207.36572 185.57475 0.9999981 0.99999964 0.0
491.8437 103.617966 503.5566 115.04865 0.9999976 0.9999999 0.0
116.06128 131.58531 128.6202 151.27411 0.9999976 0.9999995 0.0
30.101372 368.08597 48.928757 391.2889 0.99999785 0.99999917 0.0
508.88248 336.84888 533.6101 364.15543 0.9999964 1.0 0.0
78.91347 118.264046 97.38574 186.15588 0.9999958 1.0 0.0
482.38498 339.31277 507.0839 364.91718 0.99999654 0.9999988 0.0
450.44458 73.69297 462.6033 151.73468 0.9999932 1.0 0.0
458.46576 343.07877 480.8393 365.23422 0.99999046 0.9999994 0.0
468.16733 94.54897 483.19366 163.58621 0.99999046 0.9999988 0.0
499.6771 121.21099 521.23395 186.36276 0.9999893 0.9999999 0.0
247.81612 357.53732 269.41885 379.64594 0.99998784 0.9999993 0.0
301.06656 104.870636 312.93552 119.33165 0.99998474 0.9999995 0.0
272.79385 355.33734 294.1798 380.16925 0.99998057 0.99999905 0.0
81.280785 90.69257 92.88869 105.0551 0.99996567 0.99999905 0.0
326.39786 351.4165 349.63422 377.13684 0.99996006 0.9999982 0.0
465.6155 75.45947 478.28918 92.494 0.99993587 0.9999987 0.0
243.23932 136.29741 258.1495 184.42308 0.9998646 0.99999964 0.0
121.79953 106.00922 134.03017 126.42544 0.9998591 0.99999857 0.0
114.442795 140.70502 123.907326 170.92903 0.99957806 0.99999547 0.0
