293.19916 44.984524 317.81934 91.54497 1.0 1.0 0.0
307.84457 142.53983 332.7575 200.50566 1.0 1.0 0.0
499.86185 142.69766 519.64557 186.31186 1.0 1.0 0.0
156.05313 94.07524 178.02946 155.00117 1.0 1.0 0.0
235.26233 93.36324 259.83765 157.17735 1.0 1.0 0.0
361.141 52.629704 383.3248 97.0233 1.0 0.9999999 0.0
365.7465 114.58579 384.97565 170.57918 0.9999999 1.0 0.0
118.09024 59.685783 142.587 128.97453 0.9999999 0.9999999 0.0
326.0059 8.612468 342.92215 66.87863 0.9999999 0.9999999 0.0
216.96077 136.71822 238.80197 203.72212 0.9999999 0.9999999 0.0
564.9391 446.33755 583.0922 491.5889 0.9999999 0.9999999 0.0
571.9053 96.64558 592.85504 139.23108 0.9999999 0.99999976 0.0
194.04543 469.93726 225.4555 530.49243 1.0 0.99999964 0.0
336.87076 110.42509 357.24454 178.01242 0.99999964 0.9999999 0.0
441.85272 429.0968 456.80328 485.00058 0.99999976 0.99999976 0.0
292.69632 462.66843 316.62677 524.9822 0.9999995 1.0 0.0
375.28323 464.43866 398.9489 517.8909 0.9999995 1.0 0.0
100.49986 468.47592 128.7995 529.1076 0.9999999 0.9999995 0.0
265.8432 88.39194 286.06567 147.37224 0.99999905 1.0 0.0
492.6457 94.05122 515.126 133.1728 0.99999857 0.99999976 0.0
257.88718 0.52341825 282.5583 69.756516 0.9999988 0.9999994 0.0
572.4442 148.37743 592.8517 189.50606 0.9999988 0.99999917 0.0
190.62692 23.41859 216.96967 89.06597 0.9999974 0.99999964 0.0
104.94148 1.4093399 129.98889 39.610497 0.99999595 1.0 0.0
225.43918 10.094062 242.30765 42.200512 0.9999951 0.99999976 0.0
