542.27216 266.40854 562.1593 295.52008 1.0 1.0 0.0
180.97363 125.17704 193.24913 165.29666 1.0 1.0 0.0
221.12007 102.197876 234.10329 148.43314 1.0 1.0 0.0
287.93436 480.29153 300.2645 522.8596 1.0 1.0 0.0
167.21109 118.047775 179.8649 151.09271 1.0 1.0 0.0
193.42365 503.18427 207.84674 524.6103 0.9999999 1.0 0.0
492.65915 225.6875 510.60632 284.65942 1.0 0.9999999 0.0
321.30066 343.31018 352.21167 378.3154 1.0 0.9999999 0.0
417.55966 477.9896 429.73987 529.8867 0.9999999 0.9999999 0.0
133.38069 315.97867 153.65889 351.3073 0.9999999 0.9999999 0.0
447.84213 59.605953 470.77414 101.59882 0.9999999 0.9999999 0.0
161.15735 322.92752 179.71532 357.96722 1.0 0.99999964 0.0
368.5595 269.2953 390.9227 291.56522 0.9999999 0.99999976 0.0
547.6892 72.865616 576.9094 114.035805 0.99999976 0.9999999 0.0
260.9709 468.02286 272.80002 500.0079 0.9999999 0.99999976 0.0
523.8601 527.97034 533.68756 571.1415 0.99999976 0.9999999 0.0
492.12347 505.2919 504.3489 544.9623 0.99999976 0.9999999 0.0
423.734 217.88284 438.9713 260.40198 0.9999999 0.99999976 0.0
106.32577 314.13754 127.06114 346.7044 0.9999999 0.99999964 0.0
294.31592 340.7694 319.7206 372.52728 0.99999964 0.9999999 0.0
552.7868 171.29929 574.9099 202.31259 0.99999964 0.9999999 0.0
147.55296 121.20247 162.13211 160.61847 0.9999994 1.0 0.0
400.20578 479.36035 410.27795 530.3851 0.9999995 0.9999999 0.0
498.45102 174.06322 512.7672 209.14142 0.9999994 0.9999999 0.0
441.90918 483.55215 455.2349 527.9747 0.9999994 0.9999999 0.0
140.58434 182.10953 155.76588 238.0913 0.9999999 0.9999994 0.0
228.42436 211.34148 243.85117 244.23074 0.99999976 0.9999995 0.0
480.82376 63.959362 503.78873 104.924675 0.99999917 0.99999976 0.0
513.2291 68.966 535.96436 109.075294 0.99999905 0.99999976 0.0
400.66934 271.52652 422.28223 292.50085 0.99999845 0.99999976 0.0
560.98694 298.61353 580.4097 320.83545 0.9999981 0.9999999 0.0
186.8253 324.36148 206.41469 360.49866 0.99999845 0.9999995 0.0
397.03708 233.76408 416.03967 260.68256 0.9999981 0.99999964 0.0
339.11362 514.1891 354.06146 549.8797 0.9999981 0.9999993 0.0
410.50803 147.96785 422.6869 175.38602 0.9999975 0.99999964 0.0
224.59976 182.77805 239.10468 208.33148 0.9999975 0.99999964 0.0
436.2684 214.61098 465.44812 256.75366 0.99999774 0.9999994 0.0
210.509 333.31668 232.29523 363.946 0.9999976 0.99999845 0.0
185.22108 196.86957 203.8132 251.32227 0.99999607 1.0 0.0
159.96912 201.51027 175.35123 248.88222 0.9999962 0.9999995 0.0
-2.4119291 302.01132 8.189901 330.18896 0.9999958 0.9999994 0.0
240.23946 335.97894 262.60425 367.87595 0.9999962 0.9999975 0.0
217.2499 187.33122 230.08788 252.1632 0.99999404 0.99999964 0.0
480.87558 226.53539 490.57996 262.67682 0.9999893 0.99999917 0.0
568.3903 237.51155 588.3257 280.75943 0.9999865 0.9999999 0.0
578.1989 69.0762 598.42645 112.49928 0.99998796 0.999998 0.0
518.33997 525.26807 528.8284 573.60156 0.99998415 0.99999905 0.0
422.77124 219.4154 434.02078 263.3588 0.9999809 0.9999994 0.0
504.86346 543.12146 516.9668 573.68005 0.99998 0.9999994 0.0
583.02246 212.31422 598.03656 245.18573 0.9999782 0.99999857 0.0
214.58199 330.6891 235.67116 362.22006 0.99997735 0.99999905 0.0
410.81873 217.78404 426.96783 241.08469 0.9999683 0.9999988 0.0
