506.4851 499.3588 524.3923 524.6293 1.0 1.0 0.0
526.02295 500.53726 540.5601 521.32263 1.0 1.0 0.0
536.8135 170.69553 557.9437 201.29071 1.0 1.0 0.0
370.9229 322.8126 386.17636 374.68207 1.0 1.0 0.0
266.71106 113.32876 292.0737 143.80559 1.0 0.9999999 0.0
323.0908 500.9745 338.7795 522.4211 0.9999999 1.0 0.0
324.12143 125.47645 341.48563 156.22035 1.0 0.9999999 0.0
369.1914 130.25543 393.42648 166.59715 0.9999999 0.9999999 0.0
365.60062 -2.8093038 380.98294 37.412735 0.9999999 0.99999976 0.0
314.60242 2.2080333 334.10486 45.020786 0.99999976 0.9999999 0.0
462.74286 16.20478 484.29755 83.81242 1.0 0.99999964 0.0
412.5994 497.82584 432.11426 520.93677 0.99999976 0.99999976 0.0
507.56393 43.995304 517.95465 87.75474 0.99999964 0.9999999 0.0
131.30818 78.35447 150.6501 104.88023 0.99999964 0.99999976 0.0
157.71298 79.1714 179.24333 114.42968 0.9999994 0.9999999 0.0
186.04288 91.67149 208.9012 121.25005 0.9999993 0.99999976 0.0
215.3537 101.23625 239.62236 131.62881 0.9999989 1.0 0.0
280.8739 500.73648 297.16528 523.2739 0.9999994 0.9999995 0.0
457.96487 501.27527 470.6674 521.0137 0.99999917 0.99999976 0.0
230.8444 498.0596 247.4532 523.31024 0.99999905 0.99999976 0.0
488.93903 501.3391 503.25665 522.9459 0.9999988 0.9999999 0.0
205.47536 494.2223 224.67343 524.12854 0.99999857 0.9999999 0.0
149.27776 78.29899 171.8054 115.22254 0.9999993 0.99999905 0.0
471.14304 159.33585 488.34158 189.23634 0.9999982 0.99999964 0.0
295.07626 120.6986 316.65118 150.03963 0.99999785 1.0 0.0
131.71953 490.61578 151.039 515.9164 0.9999987 0.99999905 0.0
516.0852 167.38857 532.63983 197.63791 0.99999785 0.99999976 0.0
560.3297 175.06789 572.56714 203.73175 0.99999785 0.9999994 0.0
182.60793 494.13135 198.97583 519.73126 0.99999547 0.9999994 0.0
559.48846 501.11053 574.27716 520.26227 0.9999944 0.9999993 0.0
344.58737 128.40004 366.29184 159.5914 0.9999932 1.0 0.0
576.86957 175.9226 593.85126 208.13342 0.99999297 1.0 0.0
434.28555 499.3666 452.5345 521.0795 0.9999913 0.9999999 0.0
343.6645 501.3995 362.56607 522.97345 0.9999913 0.9999995 0.0
240.95491 104.26842 262.70453 137.17961 0.9999933 0.9999975 0.0
498.17206 163.64539 512.8948 191.62704 0.9999907 0.9999999 0.0
299.50638 499.65863 315.95038 523.6397 0.9999894 0.99999964 0.0
487.48495 37.660236 500.0152 86.07957 0.99998486 0.9999995 0.0
378.3161 -2.978722 390.92682 70.33947 0.9999691 1.0 0.0
451.367 152.91269 473.37927 185.19218 0.99996376 0.99999976 0.0
257.67938 497.1213 269.92688 525.0484 0.99995387 0.99999917 0.0
157.07706 494.29013 174.14456 516.15 0.99994147 0.99999857 0.0
470.8227 499.26584 487.1815 522.59766 0.9999398 0.9999988 0.0
278.02115 499.4604 292.3798 523.1371 0.99993634 0.99999905 0.0
574.6691 499.2991 589.0307 520.40814 0.99992645 0.9999989 0.0
541.8223 501.28555 557.914 520.02045 0.99980766 0.9999974 0.0
573.9136 499.93445 578.2649 501.96353 0.9992818 0.9999982 0.0
369.9013 135.19151 374.33105 137.20297 0.99834883 0.9999999 0.0
368.02487 133.81276 372.35394 135.88295 0.9979442 0.9999974 0.0
579.7623 500.6267 583.64087 502.84296 0.99754447 0.9999956 0.0
