327.32312 398.65918 337.4041 415.50256 1.0 1.0 0.0
325.11853 351.96237 339.03857 368.6238 1.0 1.0 0.0
165.98741 399.22626 184.12584 419.77078 1.0 1.0 0.0
249.60498 403.71918 261.84943 417.43768 1.0 1.0 0.0
393.22516 395.97113 405.32077 414.10413 1.0 1.0 0.0
458.59705 394.21564 469.18506 413.60428 1.0 1.0 0.0
73.89142 399.7761 92.79111 425.32782 1.0 1.0 0.0
325.43185 306.37878 338.1403 329.94693 1.0 1.0 0.0
252.43246 356.67435 267.50568 370.94443 1.0 1.0 0.0
60.337708 141.1046 70.77494 175.78761 1.0 1.0 0.0
189.20488 142.11588 202.08519 170.49223 1.0 1.0 0.0
79.45065 299.47403 92.516205 321.02066 1.0 1.0 0.0
170.02928 297.63968 184.12975 320.31448 1.0 1.0 0.0
253.93013 308.34518 269.25842 327.24506 1.0 1.0 0.0
392.47208 351.1809 407.17703 373.6063 1.0 1.0 0.0
390.69284 309.51544 403.03204 328.2904 0.9999999 1.0 0.0
397.8853 501.41376 407.22986 523.12476 0.9999999 1.0 0.0
308.67746 150.63771 319.5309 176.68874 1.0 0.9999999 0.0
116.63127 156.28288 129.49823 189.74724 0.9999999 0.99999976 0.0
75.61945 352.05438 90.6639 369.3787 0.99999964 1.0 0.0
10.975426 105.37692 28.515657 143.22389 0.99999976 0.9999999 0.0
66.24138 532.9216 76.29142 558.28784 0.99999964 1.0 0.0
156.70932 153.27162 171.29105 175.49236 0.99999964 0.9999999 0.0
457.3071 351.62567 471.3135 373.31778 0.9999994 0.9999999 0.0
165.33458 351.27206 184.14305 368.54077 0.9999994 0.9999999 0.0
496.06818 351.05258 505.6954 370.57654 0.99999785 0.9999999 0.0
324.7837 504.29242 337.1816 531.00696 0.9999963 0.99999976 0.0
461.7556 494.61847 471.0488 517.06976 0.99999535 0.9999999 0.0
451.77512 310.51813 466.1228 332.2391 0.9999932 0.9999994 0.0
503.34457 495.1458 510.2491 511.6243 0.99996555 0.99999976 0.0
-2.192781 104.669334 7.394001 145.58412 0.9959318 0.99999714 0.0
