0 0.115234375 0.705078125 0.01953125 0.03515625
1 0.267578125 0.703125 0.01953125 0.0390625
2 0.72265625 0.72265625 0.015625 0.0390625
3 0.87109375 0.7265625 0.015625 0.03125
4 0.275390625 0.3203125 0.01171875 0.0390625
5 0.18359375 0.296875 0.015625 0.0390625
0 0.359375 0.33203125 0.015625 0.0390625
1 0.38671875 0.3125 0.015625 0.0390625
2 0.396484375 0.775390625 0.01953125 0.04296875
3 0.47265625 0.77734375 0.015625 0.0390625
4 0.43359375 0.7890625 0.015625 0.0390625
5 0.89453125 0.3125 0.0 0.0
0 0.90234375 0.33203125 0.0234375 0.03125
1 0.701171875 0.306640625 0.01953125 0.05078125
2 0.580078125 0.48828125 0.01953125 0.03125
3 0.5859375 0.53515625 0.0234375 0.0234375
4 0.583984375 0.583984375 0.02734375 0.02734375
5 0.29296875 0.521484375 0.0234375 0.03515625
0 0.294921875 0.470703125 0.02734375 0.02734375
1 0.146484375 0.513671875 0.01953125 0.02734375
2 0.73046875 0.541015625 0.03125 0.02734375
3 0.44140625 0.52734375 0.03125 0.0234375
4 0.443359375 0.470703125 0.02734375 0.03515625
5 0.73046875 0.53515625 0.0234375 0.03125
0 0.7265625 0.494140625 0.0234375 0.02734375
1 0.873046875 0.541015625 0.02734375 0.02734375
2 0.21484375 0.29296875 0.0234375 0.0390625
3 0.955078125 0.330078125 0.01953125 0.04296875
