0 0.26953125 0.05078125 0.0234375 0.046875
1 0.302734375 0.056640625 0.02734375 0.05078125
2 0.591796875 0.033203125 0.03515625 0.05078125
3 0.54296875 0.140625 0.0390625 0.0859375
4 0.587890625 0.16796875 0.03515625 0.09375
5 0.6484375 0.15234375 0.03125 0.1015625
0 0.625 0.0390625 0.03125 0.0703125
1 0.68359375 0.025390625 0.0390625 0.05078125
2 0.720703125 0.03515625 0.03515625 0.0703125
3 0.69140625 0.171875 0.03125 0.0703125
4 0.916015625 0.15234375 0.02734375 0.0625
5 0.9609375 0.16015625 0.03125 0.0625
0 0.97265625 0.0546875 0.03125 0.0625
1 0.25390625 0.11328125 0.0 0.0
2 0.267578125 0.138671875 0.03515625 0.05859375
3 0.015625 0.34375 0.03125 0.0546875
4 0.05859375 0.34765625 0.03125 0.0546875
5 0.21875 0.359375 0.03125 0.0625
0 0.265625 0.3671875 0.03125 0.0625
1 0.3125 0.375 0.0390625 0.0546875
2 0.36328125 0.376953125 0.046875 0.05078125
3 0.412109375 0.384765625 0.02734375 0.05859375
4 0.466796875 0.39453125 0.03515625 0.0546875
5 0.515625 0.400390625 0.0390625 0.05078125
0 0.5703125 0.40625 0.046875 0.0546875
1 0.619140625 0.4140625 0.03515625 0.0546875
2 0.677734375 0.421875 0.03515625 0.0546875
3 0.873046875 0.423828125 0.03515625 0.05859375
4 0.927734375 0.43359375 0.02734375 0.046875
5 0.984375 0.44140625 0.0234375 0.0546875
0 0.263671875 0.66796875 0.02734375 0.0625
1 0.40234375 0.689453125 0.03125 0.06640625
2 0.44921875 0.66796875 0.03125 0.1015625
3 0.498046875 0.6875 0.02734375 0.0703125
4 0.669921875 0.814453125 0.02734375 0.04296875
5 0.798828125 0.8046875 0.03515625 0.0859375
0 0.857421875 0.74609375 0.02734375 0.0625
1 0.955078125 0.751953125 0.03515625 0.08203125
2 0.986328125 0.841796875 0.02734375 0.05078125
3 0.57421875 0.759765625 0.0234375 0.05078125
4 0.09765625 0.685546875 0.03125 0.04296875
5 0.01171875 0.115234375 0.0234375 0.05859375
