0 0.384765625 0.111328125 0.04296875 0.09765625
1 0.53515625 0.134765625 0.0234375 0.03515625
2 0.515625 0.07421875 0.0234375 0.046875
3 0.546875 0.107421875 0.0234375 0.04296875
4 0.564453125 0.083984375 0.01953125 0.05078125
5 0.59375 0.13671875 0.0234375 0.0546875
0 0.615234375 0.091796875 0.01953125 0.05078125
1 0.625 0.158203125 0.0234375 0.04296875
2 0.6484375 0.142578125 0.0234375 0.02734375
3 0.28515625 0.142578125 0.0234375 0.04296875
4 0.041015625 0.08203125 0.02734375 0.0390625
5 0.0546875 0.12109375 0.03125 0.03125
0 0.091796875 0.095703125 0.02734375 0.04296875
1 0.099609375 0.134765625 0.02734375 0.04296875
2 0.205078125 0.09375 0.02734375 0.0390625
3 0.220703125 0.126953125 0.02734375 0.03515625
4 0.330078125 0.14453125 0.01953125 0.0390625
5 0.640625 0.099609375 0.015625 0.04296875
0 0.556640625 0.16015625 0.01953125 0.0390625
1 0.482421875 0.10546875 0.01953125 0.046875
2 0.48828125 0.150390625 0.015625 0.03515625
3 0.498046875 0.091796875 0.01953125 0.05078125
4 0.515625 0.162109375 0.015625 0.04296875
5 0.580078125 0.068359375 0.01953125 0.04296875
0 0.580078125 0.15234375 0.01953125 0.0390625
1 0.31640625 0.10546875 0.015625 0.0390625
2 0.263671875 0.0859375 0.01953125 0.046875
3 0.142578125 0.09375 0.01953125 0.046875
4 0.1484375 0.1328125 0.015625 0.0390625
5 0.525390625 0.291015625 0.01953125 0.02734375
0 0.396484375 0.28515625 0.01171875 0.03125
1 0.408203125 0.294921875 0.01171875 0.03515625
2 0.423828125 0.287109375 0.01171875 0.03515625
3 0.4375 0.291015625 0.0078125 0.02734375
4 0.244140625 0.283203125 0.01171875 0.03515625
5 0.232421875 0.28125 0.01171875 0.0234375
0 0.205078125 0.27734375 0.01171875 0.0234375
1 0.162109375 0.28125 0.01171875 0.03125
2 0.322265625 0.2890625 0.01171875 0.0234375
3 0.408203125 0.255859375 0.01171875 0.02734375
4 0.43359375 0.248046875 0.0078125 0.02734375
5 0.443359375 0.25390625 0.01171875 0.03125
0 0.416015625 0.251953125 0.01171875 0.02734375
1 0.55078125 0.25390625 0.0078125 0.0234375
2 0.626953125 0.24609375 0.01171875 0.03125
3 0.623046875 0.2890625 0.01171875 0.0390625
4 0.486328125 0.357421875 0.01171875 0.02734375
5 0.501953125 0.359375 0.01171875 0.0234375
0 0.515625 0.357421875 0.015625 0.02734375
1 0.53125 0.361328125 0.015625 0.01953125
2 0.548828125 0.361328125 0.01171875 0.01953125
3 0.5625 0.359375 0.0078125 0.0234375
4 0.578125 0.365234375 0.015625 0.01953125
5 0.591796875 0.359375 0.01171875 0.0234375
0 0.609375 0.36328125 0.0078125 0.0234375
1 0.625 0.36328125 0.0078125 0.0234375
2 0.173828125 0.34375 0.01171875 0.0234375
3 0.185546875 0.34765625 0.01171875 0.0234375
4 0.201171875 0.345703125 0.01171875 0.01953125
5 0.212890625 0.34765625 0.01171875 0.0234375
0 0.2265625 0.3515625 0.015625 0.0234375
1 0.240234375 0.349609375 0.01171875 0.02734375
2 0.259765625 0.3515625 0.01171875 0.0234375
3 0.302734375 0.3515625 0.01171875 0.0234375
4 0.318359375 0.353515625 0.01171875 0.02734375
5 0.33203125 0.35546875 0.015625 0.0234375
0 0.34765625 0.35546875 0.015625 0.0234375
1 0.36328125 0.35546875 0.015625 0.0234375
2 0.375 0.357421875 0.015625 0.02734375
3 0.388671875 0.35546875 0.01171875 0.0234375
4 0.404296875 0.357421875 0.01171875 0.02734375
5 0.419921875 0.359375 0.01171875 0.0234375
0 0.43359375 0.361328125 0.015625 0.01953125
1 0.474609375 0.478515625 0.01953125 0.04296875
2 0.623046875 0.609375 0.01953125 0.0234375
3 0.59375 0.609375 0.015625 0.0234375
4 0.427734375 0.646484375 0.01171875 0.03515625
