0 0.373046875 0.22265625 0.01953125 0.1015625
1 0.45703125 0.201171875 0.03125 0.10546875
2 0.48046875 0.12890625 0.015625 0.046875
3 0.509765625 0.23046875 0.02734375 0.109375
4 0.525390625 0.13671875 0.01953125 0.0546875
5 0.220703125 0.63671875 0.03515625 0.0546875
0 0.279296875 0.650390625 0.03515625 0.05078125
1 0.328125 0.654296875 0.0390625 0.05078125
2 0.384765625 0.662109375 0.04296875 0.05078125
3 0.435546875 0.66796875 0.05078125 0.0625
4 0.484375 0.671875 0.0390625 0.0546875
5 0.541015625 0.67578125 0.03515625 0.046875
0 0.591796875 0.6796875 0.03515625 0.0546875
1 0.6328125 0.685546875 0.03125 0.05078125
2 0.29296875 0.853515625 0.0234375 0.05859375
3 0.26953125 0.802734375 0.03125 0.04296875
4 0.310546875 0.736328125 0.02734375 0.06640625
5 0.3359375 0.861328125 0.0234375 0.07421875
0 0.361328125 0.728515625 0.01953125 0.03515625
1 0.390625 0.798828125 0.015625 0.05859375
2 0.4140625 0.80859375 0.0234375 0.0703125
3 0.48046875 0.83203125 0.015625 0.03125
4 0.498046875 0.775390625 0.02734375 0.06640625
5 0.52734375 0.857421875 0.0390625 0.04296875
0 0.556640625 0.857421875 0.01953125 0.03515625
1 0.54296875 0.732421875 0.03125 0.02734375
2 0.984375 0.720703125 0.0078125 0.05078125
3 0.236328125 0.82421875 0.01953125 0.0703125
