0 0.0234375 0.212890625 0.0390625 0.05859375
1 0.0703125 0.21875 0.0390625 0.0546875
2 0.12109375 0.220703125 0.0546875 0.05078125
3 0.29296875 0.232421875 0.046875 0.05859375
4 0.34375 0.240234375 0.0390625 0.05859375
5 0.38671875 0.2421875 0.0390625 0.0546875
0 0.44140625 0.24609375 0.0390625 0.046875
1 0.486328125 0.24609375 0.04296875 0.046875
2 0.533203125 0.255859375 0.04296875 0.04296875
3 0.580078125 0.26171875 0.04296875 0.046875
4 0.630859375 0.263671875 0.03515625 0.04296875
5 0.67578125 0.267578125 0.0390625 0.04296875
0 0.7265625 0.2734375 0.03125 0.046875
1 0.44140625 0.646484375 0.03125 0.04296875
2 0.560546875 0.65234375 0.02734375 0.046875
3 0.607421875 0.65625 0.02734375 0.046875
4 0.12890625 0.4140625 0.03125 0.1015625
5 0.681640625 0.462890625 0.04296875 0.08984375
0 0.529296875 0.431640625 0.01953125 0.06640625
1 0.41796875 0.43359375 0.0390625 0.0625
2 0.71875 0.470703125 0.03125 0.06640625
3 0.568359375 0.421875 0.02734375 0.0703125
4 0.33203125 0.439453125 0.0234375 0.06640625
5 0.046875 0.5078125 0.03125 0.046875
0 0.4609375 0.50390625 0.03125 0.0546875
1 0.45703125 0.435546875 0.03125 0.05859375
2 0.30859375 0.43359375 0.0234375 0.109375
3 0.095703125 0.421875 0.02734375 0.078125
4 0.056640625 0.41796875 0.01953125 0.078125
5 0.017578125 0.41796875 0.02734375 0.078125
0 0.61328125 0.44140625 0.015625 0.0546875
1 0.646484375 0.4375 0.01953125 0.0703125
2 0.599609375 0.49609375 0.01953125 0.03125
3 0.556640625 0.48828125 0.01953125 0.0390625
4 0.537109375 0.501953125 0.01953125 0.03515625
5 0.71484375 0.552734375 0.0234375 0.04296875
0 0.74609375 0.546875 0.0234375 0.046875
1 0.111328125 0.513671875 0.01953125 0.05078125
2 0.1328125 0.50390625 0.015625 0.0390625
3 0.625 0.40234375 0.015625 0.046875
4 0.58203125 0.451171875 0.015625 0.04296875
