0 0.259765625 0.318359375 0.03515625 0.04296875
1 0.2734375 0.359375 0.0390625 0.0390625
2 0.279296875 0.3984375 0.03515625 0.0390625
3 0.291015625 0.4375 0.03515625 0.0390625
4 0.298828125 0.478515625 0.03515625 0.04296875
5 0.30078125 0.513671875 0.0390625 0.03515625
0 0.517578125 0.310546875 0.07421875 0.02734375
1 0.517578125 0.3515625 0.07421875 0.0234375
2 0.51953125 0.392578125 0.0703125 0.02734375
3 0.533203125 0.42578125 0.07421875 0.0234375
4 0.55078125 0.474609375 0.0859375 0.02734375
5 0.5625 0.501953125 0.078125 0.02734375
0 0.16015625 0.525390625 0.0859375 0.02734375
1 0.158203125 0.484375 0.08203125 0.0234375
2 0.134765625 0.41015625 0.08203125 0.0234375
3 0.111328125 0.373046875 0.08984375 0.03515625
4 0.91796875 0.798828125 0.15625 0.02734375
