0 0.056640625 0.21875 0.03515625 0.109375
1 0.13671875 0.123046875 0.0234375 0.07421875
2 0.1328125 0.224609375 0.015625 0.06640625
3 0.138671875 0.044921875 0.01953125 0.02734375
4 0.2578125 0.224609375 0.015625 0.09765625
5 0.3125 0.25390625 0.015625 0.09375
0 0.3203125 0.173828125 0.015625 0.04296875
1 0.369140625 0.20703125 0.01953125 0.0390625
2 0.375 0.28125 0.0234375 0.0859375
3 0.390625 0.26953125 0.015625 0.078125
4 0.46484375 0.13671875 0.015625 0.0234375
5 0.478515625 0.169921875 0.01953125 0.01953125
0 0.490234375 0.205078125 0.01953125 0.05078125
1 0.470703125 0.21484375 0.01953125 0.03125
2 0.482421875 0.244140625 0.01171875 0.01953125
3 0.564453125 0.240234375 0.01953125 0.07421875
4 0.576171875 0.22265625 0.01171875 0.0390625
5 0.591796875 0.283203125 0.01953125 0.07421875
0 0.591796875 0.205078125 0.01171875 0.03515625
1 0.6015625 0.23828125 0.015625 0.0234375
2 0.646484375 0.220703125 0.01171875 0.03515625
3 0.658203125 0.287109375 0.01953125 0.06640625
4 0.67578125 0.25 0.015625 0.03125
5 0.68359375 0.306640625 0.0234375 0.07421875
0 0.75390625 0.220703125 0.015625 0.02734375
1 0.7578125 0.283203125 0.015625 0.07421875
2 0.763671875 0.193359375 0.01171875 0.03515625
3 0.77734375 0.267578125 0.0234375 0.08984375
4 0.828125 0.234375 0.0234375 0.03125
5 0.83203125 0.306640625 0.0234375 0.08203125
0 0.859375 0.23828125 0.015625 0.03125
1 0.87109375 0.3046875 0.015625 0.078125
2 0.04296875 0.626953125 0.0390625 0.03515625
3 0.0859375 0.625 0.0390625 0.0390625
4 0.1875 0.62109375 0.0390625 0.046875
5 0.228515625 0.62109375 0.03515625 0.0390625
0 0.26953125 0.626953125 0.0390625 0.03515625
1 0.3125 0.623046875 0.03125 0.04296875
2 0.359375 0.62109375 0.03125 0.0390625
3 0.40234375 0.619140625 0.03125 0.03515625
4 0.4453125 0.6171875 0.0390625 0.046875
5 0.486328125 0.6171875 0.03515625 0.0390625
0 0.53515625 0.6171875 0.03125 0.0390625
1 0.57421875 0.61328125 0.03125 0.03125
2 0.619140625 0.611328125 0.02734375 0.04296875
3 0.662109375 0.609375 0.03515625 0.0390625
4 0.703125 0.60546875 0.03125 0.03125
5 0.748046875 0.60546875 0.02734375 0.0390625
0 0.79296875 0.60546875 0.0390625 0.0390625
1 0.8359375 0.6015625 0.03125 0.046875
2 0.87890625 0.603515625 0.0390625 0.03515625
3 0.1796875 0.869140625 0.0234375 0.08203125
4 0.126953125 0.916015625 0.03515625 0.05078125
5 0.20703125 0.88671875 0.0234375 0.0703125
0 0.25390625 0.92578125 0.0234375 0.0546875
1 0.259765625 0.8515625 0.02734375 0.03125
2 0.251953125 0.888671875 0.01953125 0.04296875
3 0.35546875 0.873046875 0.015625 0.09765625
4 0.416015625 0.888671875 0.01953125 0.05078125
5 0.40234375 0.9453125 0.015625 0.0390625
0 0.458984375 0.890625 0.01953125 0.0859375
1 0.486328125 0.904296875 0.01953125 0.06640625
2 0.486328125 0.845703125 0.01953125 0.02734375
3 0.74609375 0.884765625 0.0234375 0.08203125
4 0.7734375 0.853515625 0.03125 0.07421875
5 0.923828125 0.833984375 0.03515625 0.02734375
0 0.98046875 0.4921875 0.0234375 0.0546875
1 0.681640625 0.837890625 0.01953125 0.04296875
