0 0.041015625 0.396484375 0.01953125 0.03515625
1 0.056640625 0.39453125 0.01953125 0.03125
2 0.0390625 0.34375 0.015625 0.03125
3 0.171875 0.34765625 0.015625 0.03125
4 0.169921875 0.400390625 0.01171875 0.04296875
5 0.203125 0.3984375 0.015625 0.0390625
0 0.193359375 0.353515625 0.01171875 0.02734375
1 0.181640625 0.34375 0.01171875 0.046875
2 0.220703125 0.330078125 0.01171875 0.04296875
3 0.22265625 0.396484375 0.015625 0.05078125
4 0.23046875 0.3828125 0.015625 0.046875
5 0.3671875 0.28125 0.015625 0.0234375
0 0.38671875 0.279296875 0.015625 0.02734375
1 0.40625 0.28125 0.015625 0.03125
2 0.427734375 0.27734375 0.01953125 0.0234375
3 0.447265625 0.27734375 0.01953125 0.0234375
4 0.466796875 0.27734375 0.01171875 0.0234375
5 0.484375 0.275390625 0.015625 0.02734375
0 0.5078125 0.2734375 0.015625 0.0234375
1 0.5234375 0.275390625 0.015625 0.02734375
2 0.669921875 0.263671875 0.01171875 0.02734375
3 0.69140625 0.26171875 0.015625 0.0234375
4 0.705078125 0.263671875 0.01171875 0.02734375
5 0.728515625 0.26171875 0.01171875 0.03125
0 0.74609375 0.26171875 0.015625 0.03125
1 0.763671875 0.259765625 0.01953125 0.02734375
2 0.619140625 0.447265625 0.01953125 0.02734375
3 0.63671875 0.447265625 0.015625 0.02734375
4 0.654296875 0.447265625 0.01171875 0.02734375
5 0.671875 0.4453125 0.0078125 0.0234375
0 0.693359375 0.443359375 0.01953125 0.01953125
1 0.7265625 0.44140625 0.0234375 0.0234375
2 0.759765625 0.4375 0.02734375 0.0234375
3 0.75 0.369140625 0.0078125 0.03515625
4 0.48828125 0.369140625 0.015625 0.03515625
5 0.501953125 0.365234375 0.01171875 0.02734375
0 0.474609375 0.345703125 0.01171875 0.05078125
1 0.4921875 0.314453125 0.015625 0.02734375
2 0.396484375 0.330078125 0.01171875 0.03515625
3 0.390625 0.384765625 0.0078125 0.04296875
4 0.400390625 0.837890625 0.03515625 0.06640625
5 0.34765625 0.84375 0.03125 0.0703125
0 0.27734375 0.8515625 0.0390625 0.0703125
1 0.232421875 0.853515625 0.02734375 0.03515625
2 0.220703125 0.888671875 0.01953125 0.03515625
3 0.255859375 0.759765625 0.01171875 0.01953125
4 0.2890625 0.7578125 0.0078125 0.0234375
5 0.26953125 0.755859375 0.015625 0.02734375
0 0.38671875 0.703125 0.015625 0.0234375
1 0.1796875 0.716796875 0.0078125 0.03515625
2 0.12109375 0.7265625 0.015625 0.03125
3 0.087890625 0.732421875 0.01953125 0.01953125
4 0.19921875 0.720703125 0.015625 0.02734375
5 0.216796875 0.71875 0.01171875 0.03125
0 0.23046875 0.71875 0.0078125 0.0234375
1 0.24609375 0.716796875 0.015625 0.02734375
2 0.265625 0.71875 0.015625 0.0234375
3 0.28125 0.712890625 0.015625 0.01953125
4 0.296875 0.712890625 0.015625 0.02734375
5 0.3125 0.71484375 0.015625 0.0234375
0 0.33203125 0.7109375 0.0234375 0.0234375
1 0.404296875 0.701171875 0.01953125 0.01953125
2 0.421875 0.701171875 0.015625 0.02734375
3 0.013671875 0.736328125 0.01953125 0.02734375
4 0.369140625 0.462890625 0.01953125 0.03515625
5 0.388671875 0.462890625 0.01953125 0.03515625
0 0.009765625 0.486328125 0.01953125 0.02734375
1 0.03125 0.48828125 0.0234375 0.03125
2 0.25390625 0.474609375 0.0234375 0.02734375
3 0.158203125 0.478515625 0.01953125 0.02734375
4 0.173828125 0.478515625 0.01171875 0.02734375
5 0.0703125 0.48046875 0.0234375 0.03125
0 0.05078125 0.484375 0.015625 0.0234375
1 0.197265625 0.4765625 0.01953125 0.03125
2 0.212890625 0.478515625 0.01171875 0.02734375
3 0.232421875 0.474609375 0.01953125 0.02734375
4 0.298828125 0.47265625 0.05078125 0.0234375
5 0.46484375 0.083984375 0.015625 0.07421875
0 0.44140625 0.4609375 0.015625 0.0234375
1 0.40625 0.462890625 0.015625 0.03515625
2 0.4609375 0.462890625 0.015625 0.02734375
3 0.48046875 0.458984375 0.015625 0.01953125
4 0.498046875 0.45703125 0.01953125 0.03125
5 0.517578125 0.455078125 0.01953125 0.02734375
0 0.51953125 0.693359375 0.015625 0.02734375
1 0.537109375 0.693359375 0.01171875 0.01953125
2 0.58984375 0.6875 0.015625 0.03125
3 0.607421875 0.68359375 0.01171875 0.03125
4 0.625 0.685546875 0.015625 0.03515625
5 0.63671875 0.68359375 0.015625 0.0234375
0 0.7109375 0.673828125 0.03125 0.02734375
1 0.541015625 0.548828125 0.01171875 0.04296875
