0 0.0234375 0.08203125 0.0390625 0.0859375
1 0.083984375 0.068359375 0.03515625 0.07421875
2 0.05859375 0.216796875 0.0234375 0.12109375
3 0.099609375 0.23046875 0.02734375 0.0859375
4 0.3671875 0.087890625 0.03125 0.07421875
5 0.32421875 0.19921875 0.03125 0.0703125
0 0.369140625 0.201171875 0.02734375 0.06640625
1 0.41015625 0.091796875 0.0390625 0.08203125
2 0.451171875 0.099609375 0.02734375 0.06640625
3 0.47265625 0.123046875 0.0234375 0.06640625
4 0.43359375 0.224609375 0.0390625 0.07421875
5 0.517578125 0.20703125 0.01953125 0.0625
0 0.53125 0.08203125 0.03125 0.078125
1 0.712890625 0.091796875 0.02734375 0.06640625
2 0.74609375 0.203125 0.03125 0.0703125
3 0.771484375 0.0625 0.03515625 0.0859375
4 0.73828125 0.08984375 0.0234375 0.0625
5 0.8125 0.05078125 0.0390625 0.078125
0 0.794921875 0.2109375 0.03515625 0.078125
1 0.041015625 0.486328125 0.04296875 0.05859375
2 0.1015625 0.48828125 0.03125 0.0625
3 0.291015625 0.478515625 0.02734375 0.05859375
4 0.345703125 0.474609375 0.04296875 0.06640625
5 0.3984375 0.48046875 0.03125 0.0546875
0 0.45703125 0.4765625 0.03125 0.0546875
1 0.517578125 0.484375 0.02734375 0.0703125
2 0.572265625 0.482421875 0.03515625 0.06640625
3 0.625 0.482421875 0.0390625 0.06640625
4 0.68359375 0.482421875 0.03125 0.05859375
5 0.736328125 0.486328125 0.04296875 0.05859375
0 0.79296875 0.486328125 0.0390625 0.05078125
1 0.095703125 0.890625 0.02734375 0.0625
2 0.263671875 0.884765625 0.04296875 0.08984375
3 0.275390625 0.818359375 0.04296875 0.07421875
4 0.333984375 0.8203125 0.03515625 0.0703125
5 0.494140625 0.822265625 0.03515625 0.10546875
0 0.380859375 0.810546875 0.02734375 0.07421875
1 0.693359375 0.806640625 0.04296875 0.10546875
2 0.587890625 0.771484375 0.03515625 0.08984375
3 0.685546875 0.201171875 0.01953125 0.04296875
4 0.705078125 0.1875 0.01953125 0.0390625
5 0.54296875 0.822265625 0.0234375 0.07421875
0 0.37109375 0.896484375 0.0234375 0.04296875
1 0.322265625 0.892578125 0.01953125 0.02734375
2 0.154296875 0.916015625 0.02734375 0.04296875
3 0.4296875 0.822265625 0.0234375 0.05078125
4 0.4765625 0.908203125 0.0234375 0.04296875
5 0.62890625 0.919921875 0.015625 0.03515625
0 0.736328125 0.80078125 0.02734375 0.0703125
1 0.634765625 0.7890625 0.01953125 0.046875
2 0.109375 0.865234375 0.015625 0.05859375
3 0.05859375 0.8671875 0.015625 0.0546875
