0 0.01171875 0.556640625 0.015625 0.03515625
1 0.185546875 0.552734375 0.01953125 0.03515625
2 0.630859375 0.544921875 0.01953125 0.03515625
3 0.75390625 0.537109375 0.015625 0.03515625
4 0.86328125 0.53515625 0.015625 0.0390625
5 0.36328125 0.31640625 0.0234375 0.03125
0 0.3671875 0.36328125 0.0234375 0.03125
1 0.205078125 0.361328125 0.02734375 0.02734375
2 0.205078125 0.416015625 0.02734375 0.03515625
3 0.033203125 0.357421875 0.02734375 0.02734375
4 0.03515625 0.302734375 0.0234375 0.02734375
5 0.033203125 0.4140625 0.03515625 0.0390625
0 0.36328125 0.419921875 0.03125 0.03515625
1 0.5 0.37890625 0.0234375 0.03125
2 0.634765625 0.3828125 0.01953125 0.03125
3 0.501953125 0.419921875 0.02734375 0.02734375
4 0.09375 0.12109375 0.03125 0.0625
5 0.05078125 0.134765625 0.015625 0.05078125
0 0.33203125 0.16015625 0.0234375 0.0390625
