0 0.46875 0.169921875 0.03125 0.10546875
1 0.51953125 0.1875 0.03125 0.078125
2 0.83203125 0.306640625 0.0390625 0.10546875
3 0.69921875 0.3359375 0.0234375 0.0625
4 0.015625 0.509765625 0.03125 0.05859375
5 0.05078125 0.51953125 0.046875 0.0703125
0 0.240234375 0.5703125 0.03515625 0.0546875
1 0.291015625 0.58203125 0.03515625 0.0546875
2 0.333984375 0.591796875 0.03515625 0.05078125
3 0.37890625 0.6015625 0.0390625 0.046875
4 0.423828125 0.615234375 0.03515625 0.05078125
5 0.466796875 0.62109375 0.04296875 0.0546875
0 0.517578125 0.630859375 0.03515625 0.05078125
1 0.5625 0.640625 0.0390625 0.0546875
2 0.607421875 0.654296875 0.03515625 0.05078125
3 0.658203125 0.662109375 0.05078125 0.05859375
4 0.837890625 0.70703125 0.04296875 0.0546875
5 0.88671875 0.720703125 0.03125 0.05078125
0 0.931640625 0.734375 0.03515625 0.0546875
1 0.982421875 0.74609375 0.02734375 0.0546875
2 0.9296875 0.908203125 0.03125 0.05859375
3 0.26953125 0.744140625 0.03125 0.06640625
4 0.291015625 0.83984375 0.02734375 0.0390625
5 0.310546875 0.734375 0.02734375 0.0703125
0 0.599609375 0.828125 0.02734375 0.0625
1 0.55859375 0.814453125 0.0234375 0.06640625
2 0.5234375 0.81640625 0.03125 0.0703125
3 0.892578125 0.259765625 0.02734375 0.08203125
4 0.630859375 0.8125 0.02734375 0.1015625
5 0.0078125 0.748046875 0.0234375 0.05859375
0 0.36328125 0.744140625 0.0234375 0.06640625
1 0.388671875 0.8125 0.01953125 0.046875
2 0.435546875 0.7890625 0.01953125 0.0703125
3 0.46875 0.77734375 0.015625 0.078125
4 0.53125 0.896484375 0.015625 0.04296875
5 0.552734375 0.8984375 0.01171875 0.0390625
0 0.591796875 0.9140625 0.01171875 0.046875
1 0.83203125 0.890625 0.015625 0.0625
2 0.962890625 0.96875 0.02734375 0.0390625
3 0.615234375 0.189453125 0.01953125 0.06640625
4 0.599609375 0.28125 0.01953125 0.0859375
5 0.66796875 0.205078125 0.0234375 0.12890625
0 0.419921875 0.166015625 0.02734375 0.09765625
1 0.033203125 0.078125 0.02734375 0.078125
2 0.03125 0.677734375 0.0234375 0.06640625
