0 0.279296875 0.162109375 0.03515625 0.05859375
1 0.330078125 0.17578125 0.03515625 0.046875
2 0.37890625 0.193359375 0.0390625 0.05078125
3 0.421875 0.203125 0.03125 0.0546875
4 0.509765625 0.224609375 0.03515625 0.05078125
5 0.552734375 0.236328125 0.02734375 0.05078125
0 0.591796875 0.240234375 0.03515625 0.05078125
1 0.6171875 0.224609375 0.0078125 0.00390625
2 0.63671875 0.248046875 0.0390625 0.05859375
3 0.771484375 0.283203125 0.03515625 0.05859375
4 0.84375 0.296875 0.0234375 0.046875
5 0.876953125 0.302734375 0.02734375 0.05078125
0 0.912109375 0.310546875 0.03515625 0.05078125
1 0.943359375 0.31640625 0.01953125 0.046875
2 0.974609375 0.3203125 0.02734375 0.0546875
3 0.234375 0.837890625 0.03125 0.04296875
4 0.275390625 0.841796875 0.02734375 0.03515625
5 0.318359375 0.845703125 0.02734375 0.04296875
0 0.359375 0.84765625 0.03125 0.046875
1 0.400390625 0.8515625 0.02734375 0.0390625
2 0.439453125 0.8515625 0.01953125 0.046875
3 0.4765625 0.853515625 0.0234375 0.03515625
4 0.55078125 0.853515625 0.0234375 0.03515625
5 0.5859375 0.853515625 0.03125 0.03515625
0 0.703125 0.84765625 0.03125 0.0390625
1 0.73828125 0.849609375 0.03125 0.03515625
2 0.771484375 0.8515625 0.01953125 0.03125
3 0.798828125 0.8515625 0.02734375 0.0390625
4 0.828125 0.853515625 0.0234375 0.03515625
5 0.857421875 0.853515625 0.02734375 0.04296875
0 0.88671875 0.853515625 0.0234375 0.03515625
1 0.916015625 0.8515625 0.02734375 0.03125
2 0.9453125 0.8515625 0.0234375 0.03125
3 0.9609375 0.833984375 0.0078125 0.00390625
4 0.96875 0.849609375 0.0234375 0.03515625
5 0.234375 0.15234375 0.03125 0.046875
0 0.513671875 0.8515625 0.02734375 0.0390625
1 0.46484375 0.212890625 0.0390625 0.05078125
2 0.806640625 0.291015625 0.02734375 0.05078125
3 0.62109375 0.029296875 0.0234375 0.06640625
4 0.638671875 0.056640625 0.01953125 0.12109375
5 0.6328125 0.580078125 0.0234375 0.08203125
0 0.791015625 0.083984375 0.03515625 0.11328125
1 0.5390625 0.0390625 0.03125 0.0703125
2 0.85546875 0.109375 0.015625 0.0703125
3 0.822265625 0.103515625 0.01953125 0.08203125
