0 0.046875 0.185546875 0.0625 0.08984375
1 0.166015625 0.125 0.04296875 0.078125
2 0.203125 0.21484375 0.046875 0.0859375
3 0.291015625 0.15234375 0.04296875 0.0859375
4 0.3203125 0.240234375 0.0390625 0.07421875
5 0.408203125 0.216796875 0.03515625 0.05859375
0 0.435546875 0.283203125 0.03515625 0.06640625
1 0.505859375 0.240234375 0.03515625 0.07421875
2 0.546875 0.328125 0.0390625 0.078125
3 0.65234375 0.359375 0.0234375 0.0546875
4 0.708984375 0.3515625 0.02734375 0.046875
5 0.80859375 0.375 0.0234375 0.0546875
0 0.5390625 0.6640625 0.0234375 0.09375
1 0.46484375 0.623046875 0.015625 0.05078125
2 0.396484375 0.662109375 0.01953125 0.07421875
3 0.302734375 0.62109375 0.02734375 0.0625
4 0.2421875 0.623046875 0.0234375 0.07421875
5 0.140625 0.6640625 0.03125 0.078125
0 0.8359375 0.041015625 0.0234375 0.05078125
1 0.89453125 0.0625 0.0234375 0.0546875
