0 0.1875 0.361328125 0.0234375 0.19140625
1 0.44140625 0.41015625 0.0234375 0.171875
2 0.220703125 0.43359375 0.01953125 0.125
3 0.23046875 0.34765625 0.015625 0.0546875
4 0.521484375 0.330078125 0.01953125 0.03515625
5 0.521484375 0.41796875 0.01953125 0.1171875
0 0.55859375 0.435546875 0.015625 0.11328125
1 0.76171875 0.447265625 0.015625 0.11328125
2 0.765625 0.359375 0.015625 0.0390625
3 0.69140625 0.396484375 0.0 0.00390625
4 0.705078125 0.455078125 0.01953125 0.10546875
5 0.703125 0.3671875 0.015625 0.0234375
0 0.68359375 0.4453125 0.015625 0.078125
1 0.685546875 0.380859375 0.01171875 0.02734375
2 0.876953125 0.453125 0.02734375 0.1015625
3 0.873046875 0.365234375 0.01953125 0.02734375
4 0.904296875 0.353515625 0.02734375 0.03515625
5 0.9140625 0.431640625 0.03125 0.09765625
0 0.580078125 0.353515625 0.01953125 0.04296875
1 0.123046875 0.796875 0.03515625 0.0390625
2 0.169921875 0.796875 0.03515625 0.0390625
3 0.21484375 0.794921875 0.0390625 0.03515625
4 0.26171875 0.798828125 0.03125 0.04296875
5 0.302734375 0.796875 0.03515625 0.0390625
0 0.349609375 0.796875 0.03515625 0.0390625
1 0.39453125 0.796875 0.03125 0.0390625
2 0.439453125 0.796875 0.04296875 0.046875
3 0.484375 0.796875 0.0390625 0.0390625
4 0.52734375 0.796875 0.03125 0.0390625
5 0.572265625 0.798828125 0.03515625 0.04296875
0 0.61328125 0.80078125 0.0390625 0.046875
1 0.65625 0.80078125 0.03125 0.0390625
2 0.701171875 0.798828125 0.03515625 0.04296875
3 0.744140625 0.8046875 0.03515625 0.046875
4 0.7890625 0.802734375 0.0390625 0.04296875
5 0.83203125 0.802734375 0.03125 0.04296875
0 0.873046875 0.798828125 0.03515625 0.03515625
1 0.916015625 0.794921875 0.03515625 0.03515625
2 0.345703125 0.3046875 0.01953125 0.0390625
3 0.34765625 0.384765625 0.015625 0.09765625
4 0.134765625 0.33984375 0.02734375 0.03125
5 0.125 0.390625 0.0234375 0.046875
0 0.15234375 0.384765625 0.0234375 0.02734375
1 0.150390625 0.44140625 0.02734375 0.0859375
