0 0.029296875 0.46875 0.05859375 0.0703125
1 0.15234375 0.8203125 0.046875 0.0703125
2 0.21875 0.4765625 0.046875 0.0703125
3 0.27734375 0.482421875 0.0390625 0.05078125
4 0.33203125 0.48828125 0.0390625 0.0546875
5 0.439453125 0.498046875 0.03515625 0.05859375
0 0.484375 0.494140625 0.0390625 0.05859375
1 0.54296875 0.501953125 0.0390625 0.05078125
2 0.58984375 0.50390625 0.0390625 0.0546875
3 0.640625 0.50390625 0.03125 0.0546875
4 0.90234375 0.521484375 0.0390625 0.05078125
5 0.9453125 0.5234375 0.0390625 0.0546875
0 0.98828125 0.53125 0.015625 0.046875
1 0.787109375 0.759765625 0.01953125 0.09765625
2 0.806640625 0.73828125 0.01953125 0.0703125
3 0.845703125 0.802734375 0.01171875 0.05078125
4 0.671875 0.7578125 0.015625 0.0703125
5 0.6015625 0.775390625 0.0234375 0.08203125
0 0.55859375 0.76171875 0.0234375 0.078125
1 0.55078125 0.826171875 0.015625 0.06640625
2 0.4765625 0.791015625 0.03125 0.11328125
3 0.45703125 0.828125 0.0234375 0.046875
4 0.41796875 0.75 0.03125 0.1015625
5 0.263671875 0.744140625 0.01953125 0.08984375
0 0.197265625 0.19921875 0.02734375 0.0546875
1 0.18359375 0.244140625 0.03125 0.04296875
2 0.154296875 0.314453125 0.03515625 0.05078125
3 0.228515625 0.212890625 0.01953125 0.11328125
4 0.263671875 0.216796875 0.02734375 0.11328125
5 0.31640625 0.1015625 0.0234375 0.0625
0 0.29296875 0.240234375 0.0234375 0.08984375
1 0.31640625 0.220703125 0.015625 0.05078125
2 0.341796875 0.244140625 0.01953125 0.08203125
3 0.40234375 0.216796875 0.0234375 0.09765625
4 0.400390625 0.33984375 0.01953125 0.0546875
5 0.4375 0.22265625 0.0234375 0.09375
0 0.4921875 0.130859375 0.0234375 0.05859375
1 0.51171875 0.251953125 0.03125 0.07421875
2 0.49609375 0.3203125 0.03125 0.0625
3 0.53515625 0.1953125 0.0234375 0.1015625
4 0.580078125 0.220703125 0.02734375 0.05078125
5 0.560546875 0.265625 0.02734375 0.0546875
0 0.6015625 0.25 0.0234375 0.046875
1 0.578125 0.12890625 0.0234375 0.0546875
2 0.69140625 0.3046875 0.015625 0.0625
