0 0.0546875 0.099609375 0.03125 0.07421875
1 0.033203125 0.232421875 0.02734375 0.08203125
2 0.322265625 0.14453125 0.03515625 0.0546875
3 0.27734375 0.232421875 0.0234375 0.05078125
4 0.34375 0.123046875 0.0 0.01171875
5 0.357421875 0.142578125 0.02734375 0.06640625
0 0.37890625 0.271484375 0.03125 0.05078125
1 0.39453125 0.154296875 0.03125 0.05078125
2 0.41796875 0.1796875 0.03125 0.046875
3 0.46484375 0.146484375 0.0234375 0.05078125
4 0.44921875 0.26171875 0.03125 0.0390625
5 0.716796875 0.142578125 0.02734375 0.05859375
0 0.68359375 0.140625 0.0234375 0.0546875
1 0.654296875 0.15234375 0.02734375 0.046875
2 0.630859375 0.150390625 0.02734375 0.05078125
3 0.701171875 0.265625 0.02734375 0.0546875
4 0.65625 0.255859375 0.03125 0.05859375
5 0.69921875 0.509765625 0.03125 0.05078125
0 0.642578125 0.505859375 0.02734375 0.05078125
1 0.595703125 0.501953125 0.02734375 0.05078125
2 0.55078125 0.501953125 0.0234375 0.05078125
3 0.5 0.498046875 0.03125 0.05859375
4 0.451171875 0.4921875 0.02734375 0.0625
5 0.3984375 0.490234375 0.03125 0.05078125
0 0.349609375 0.486328125 0.02734375 0.05078125
1 0.298828125 0.484375 0.03515625 0.0546875
2 0.24609375 0.48046875 0.0390625 0.0546875
3 0.0703125 0.48046875 0.03125 0.046875
4 0.01953125 0.4765625 0.0390625 0.0546875
5 0.64453125 0.767578125 0.03125 0.06640625
0 0.60546875 0.76171875 0.03125 0.078125
1 0.513671875 0.728515625 0.02734375 0.07421875
2 0.232421875 0.82421875 0.04296875 0.0703125
3 0.4296875 0.7734375 0.03125 0.09375
4 0.474609375 0.779296875 0.02734375 0.06640625
5 0.291015625 0.76171875 0.03515625 0.0625
0 0.06640625 0.25 0.0234375 0.0625
1 0.083984375 0.11328125 0.02734375 0.0859375
2 0.31640625 0.236328125 0.0234375 0.06640625
3 0.482421875 0.14453125 0.01171875 0.046875
4 0.60546875 0.244140625 0.015625 0.04296875
5 0.62109375 0.240234375 0.015625 0.03515625
0 0.12890625 0.84375 0.0234375 0.0390625
1 0.083984375 0.796875 0.01953125 0.0546875
2 0.0703125 0.826171875 0.015625 0.05078125
3 0.13671875 0.78125 0.015625 0.0390625
4 0.32421875 0.8359375 0.015625 0.046875
5 0.232421875 0.763671875 0.02734375 0.05859375
0 0.328125 0.76171875 0.0234375 0.0625
1 0.548828125 0.85546875 0.01953125 0.046875
