0 0.1328125 0.07421875 0.0234375 0.046875
1 0.287109375 0.021484375 0.01953125 0.05078125
2 0.3203125 0.041015625 0.0234375 0.05859375
3 0.423828125 0.052734375 0.01953125 0.05078125
4 0.46484375 0.07421875 0.015625 0.09375
5 0.509765625 0.076171875 0.01953125 0.10546875
0 0.56640625 0.1015625 0.0234375 0.0703125
1 0.640625 0.193359375 0.0234375 0.07421875
2 0.658203125 0.123046875 0.01953125 0.05859375
3 0.7421875 0.251953125 0.0234375 0.05078125
4 0.880859375 0.23828125 0.02734375 0.1015625
5 0.94140625 0.19140625 0.0234375 0.0703125
0 0.9609375 0.294921875 0.0234375 0.02734375
1 0.90625 0.29296875 0.0234375 0.046875
2 0.87890625 0.654296875 0.046875 0.06640625
3 0.931640625 0.67578125 0.02734375 0.0625
4 0.978515625 0.689453125 0.02734375 0.06640625
5 0.6953125 0.59375 0.0390625 0.0625
0 0.642578125 0.580078125 0.02734375 0.05859375
1 0.59765625 0.560546875 0.03125 0.05859375
2 0.544921875 0.544921875 0.02734375 0.05859375
3 0.501953125 0.533203125 0.04296875 0.05859375
4 0.455078125 0.517578125 0.02734375 0.05078125
5 0.41015625 0.501953125 0.03125 0.05859375
0 0.36328125 0.484375 0.0234375 0.0625
1 0.322265625 0.474609375 0.02734375 0.05859375
2 0.275390625 0.4609375 0.02734375 0.0546875
3 0.0859375 0.392578125 0.03125 0.06640625
4 0.044921875 0.376953125 0.02734375 0.05859375
5 0.005859375 0.361328125 0.01953125 0.05078125
0 0.021484375 0.529296875 0.02734375 0.07421875
1 0.025390625 0.6328125 0.02734375 0.0625
2 0.04296875 0.642578125 0.015625 0.04296875
3 0.052734375 0.552734375 0.01953125 0.07421875
4 0.283203125 0.646484375 0.01953125 0.07421875
5 0.296875 0.751953125 0.0234375 0.05078125
0 0.326171875 0.64453125 0.01953125 0.0703125
1 0.328125 0.740234375 0.015625 0.05078125
2 0.390625 0.677734375 0.0234375 0.06640625
3 0.3828125 0.75 0.015625 0.0390625
4 0.41015625 0.7578125 0.0234375 0.046875
5 0.41796875 0.67578125 0.015625 0.03125
0 0.4609375 0.712890625 0.0234375 0.06640625
1 0.46875 0.806640625 0.015625 0.05078125
2 0.4921875 0.708984375 0.015625 0.08984375
3 0.4921875 0.802734375 0.015625 0.06640625
4 0.55078125 0.744140625 0.0234375 0.07421875
5 0.55859375 0.83984375 0.015625 0.046875
0 0.5859375 0.7578125 0.0234375 0.078125
1 0.580078125 0.85546875 0.01953125 0.0625
2 0.6328125 0.771484375 0.015625 0.07421875
3 0.62109375 0.86328125 0.0234375 0.046875
4 0.66015625 0.77734375 0.03125 0.1015625
5 0.642578125 0.857421875 0.01953125 0.04296875
0 0.87109375 0.859375 0.0234375 0.0625
1 0.9296875 0.7890625 0.0234375 0.078125
2 0.97265625 0.892578125 0.03125 0.06640625
3 0.71484375 0.123046875 0.0234375 0.10546875
