0 0.146484375 0.220703125 0.04296875 0.08984375
1 0.1640625 0.15625 0.0390625 0.0703125
2 0.04296875 0.462890625 0.0546875 0.05859375
3 0.43359375 0.3203125 0.0390625 0.0625
4 0.396484375 0.490234375 0.05859375 0.08203125
5 0.45703125 0.4921875 0.0390625 0.0703125
0 0.515625 0.501953125 0.03125 0.07421875
1 0.57421875 0.505859375 0.0234375 0.05859375
2 0.6328125 0.50390625 0.0390625 0.0625
3 0.744140625 0.51171875 0.04296875 0.0546875
4 0.849609375 0.521484375 0.06640625 0.05078125
5 0.80859375 0.314453125 0.0234375 0.07421875
0 0.837890625 0.205078125 0.04296875 0.12890625
1 0.787109375 0.12890625 0.02734375 0.0703125
2 0.78125 0.2265625 0.03125 0.09375
3 0.49609375 0.185546875 0.03125 0.05859375
4 0.47265625 0.23828125 0.03125 0.0625
5 0.20703125 0.77734375 0.03125 0.078125
0 0.0703125 0.775390625 0.0390625 0.11328125
1 0.37109375 0.77734375 0.0234375 0.09375
2 0.537109375 0.76171875 0.02734375 0.1015625
3 0.453125 0.826171875 0.0234375 0.06640625
4 0.6796875 0.87890625 0.0234375 0.0625
5 0.59375 0.818359375 0.0234375 0.07421875
