0 0.0625 0.80078125 0.0234375 0.046875
1 0.12890625 0.80078125 0.0234375 0.0390625
2 0.728515625 0.787109375 0.01953125 0.04296875
3 0.7890625 0.787109375 0.0234375 0.04296875
4 0.853515625 0.78125 0.01953125 0.0390625
5 0.912109375 0.78125 0.01953125 0.0390625
0 0.462890625 0.251953125 0.01953125 0.05078125
1 0.638671875 0.224609375 0.02734375 0.04296875
2 0.1796875 0.25 0.046875 0.0390625
3 0.369140625 0.185546875 0.01953125 0.06640625
4 0.822265625 0.1640625 0.01953125 0.03125
5 0.73828125 0.017578125 0.0234375 0.03515625
0 0.908203125 0.0234375 0.01953125 0.0390625
1 0.490234375 0.009765625 0.01171875 0.02734375
2 0.044921875 0.169921875 0.03515625 0.04296875
3 0.009765625 0.521484375 0.01953125 0.04296875
4 0.07421875 0.521484375 0.03125 0.03515625
5 0.142578125 0.517578125 0.02734375 0.04296875
0 0.205078125 0.521484375 0.02734375 0.03515625
1 0.271484375 0.517578125 0.02734375 0.04296875
2 0.3359375 0.517578125 0.0234375 0.02734375
3 0.40234375 0.51953125 0.0234375 0.03125
4 0.470703125 0.517578125 0.02734375 0.02734375
5 0.53125 0.51953125 0.0234375 0.0234375
0 0.599609375 0.517578125 0.02734375 0.02734375
1 0.658203125 0.517578125 0.02734375 0.02734375
2 0.7265625 0.521484375 0.03125 0.03515625
3 0.7890625 0.5234375 0.0234375 0.03125
4 0.8515625 0.52734375 0.0234375 0.0390625
5 0.9140625 0.521484375 0.03125 0.03515625
0 0.9140625 0.59375 0.03125 0.0390625
1 0.841796875 0.595703125 0.01953125 0.02734375
2 0.78125 0.59765625 0.015625 0.0234375
3 0.7890625 0.51953125 0.0234375 0.0390625
4 0.71484375 0.595703125 0.015625 0.03515625
5 0.65234375 0.595703125 0.015625 0.03515625
0 0.212890625 0.595703125 0.01953125 0.02734375
1 0.146484375 0.595703125 0.01953125 0.02734375
2 0.08203125 0.59765625 0.0234375 0.0234375
3 0.013671875 0.595703125 0.01953125 0.02734375
4 0.48828125 0.013671875 0.015625 0.02734375
