0 0.21875 0.142578125 0.0390625 0.08984375
1 0.28515625 0.16015625 0.046875 0.078125
2 0.349609375 0.171875 0.05078125 0.0625
3 0.41796875 0.1875 0.0390625 0.078125
4 0.484375 0.1953125 0.0625 0.078125
5 0.55078125 0.203125 0.0625 0.0859375
0 0.6171875 0.224609375 0.0546875 0.08984375
1 0.68359375 0.240234375 0.03125 0.07421875
2 0.74609375 0.25390625 0.0390625 0.0703125
3 0.8125 0.271484375 0.046875 0.07421875
4 0.837890625 0.021484375 0.02734375 0.03515625
5 0.900390625 0.732421875 0.05078125 0.13671875
0 0.474609375 0.720703125 0.02734375 0.09765625
1 0.505859375 0.666015625 0.02734375 0.08984375
2 0.052734375 0.638671875 0.03515625 0.11328125
