0 0.2578125 0.234375 0.0234375 0.0625
1 0.24609375 0.34765625 0.0234375 0.0859375
2 0.310546875 0.244140625 0.01953125 0.06640625
3 0.287109375 0.224609375 0.01953125 0.05078125
4 0.28125 0.375 0.0234375 0.078125
5 0.322265625 0.375 0.02734375 0.0859375
0 0.380859375 0.208984375 0.01953125 0.07421875
1 0.373046875 0.3671875 0.01953125 0.1015625
2 0.39453125 0.380859375 0.0234375 0.05078125
3 0.38671875 0.326171875 0.0234375 0.04296875
4 0.693359375 0.265625 0.01953125 0.046875
5 0.716796875 0.400390625 0.01953125 0.06640625
0 0.685546875 0.470703125 0.03515625 0.03515625
1 0.767578125 0.1328125 0.03515625 0.0703125
2 0.822265625 0.142578125 0.03515625 0.06640625
3 0.876953125 0.1484375 0.03515625 0.0625
4 0.9375 0.154296875 0.046875 0.06640625
5 0.98046875 0.15234375 0.03125 0.0703125
0 0.939453125 0.310546875 0.03515625 0.05078125
1 0.96484375 0.43359375 0.03125 0.0703125
2 0.984375 0.380859375 0.0234375 0.05078125
3 0.921875 0.46875 0.03125 0.046875
4 0.94921875 0.517578125 0.03125 0.03515625
5 0.84375 0.318359375 0.0234375 0.05859375
0 0.837890625 0.42578125 0.02734375 0.09375
1 0.80859375 0.408203125 0.015625 0.05859375
2 0.75 0.392578125 0.046875 0.06640625
3 0.697265625 0.3828125 0.02734375 0.0390625
4 0.6796875 0.412109375 0.03125 0.04296875
5 0.560546875 0.6015625 0.05078125 0.0546875
0 0.51171875 0.595703125 0.0390625 0.05078125
1 0.419921875 0.587890625 0.03515625 0.05078125
2 0.373046875 0.580078125 0.03515625 0.05078125
3 0.328125 0.5703125 0.03125 0.0625
4 0.287109375 0.56640625 0.02734375 0.0546875
5 0.23828125 0.556640625 0.03125 0.05859375
0 0.19921875 0.552734375 0.03125 0.05078125
1 0.00390625 0.52734375 0.015625 0.046875
2 0.3359375 0.857421875 0.0234375 0.03515625
3 0.447265625 0.806640625 0.01953125 0.05078125
4 0.490234375 0.8359375 0.01953125 0.0703125
5 0.578125 0.888671875 0.0234375 0.05859375
0 0.67578125 0.841796875 0.015625 0.08203125
1 0.705078125 0.83984375 0.01953125 0.0859375
2 0.748046875 0.84375 0.01953125 0.0703125
3 0.833984375 0.87890625 0.01953125 0.0625
4 0.853515625 0.9296875 0.01953125 0.046875
5 0.8828125 0.91796875 0.015625 0.0703125
0 0.62890625 0.466796875 0.0390625 0.03515625
