0 0.080078125 0.767578125 0.02734375 0.04296875
0 0.5078125 0.751953125 0.015625 0.03515625
0 0.5703125 0.751953125 0.0234375 0.04296875
0 0.16015625 0.12109375 0.03125 0.0390625
0 0.03125 0.107421875 0.03125 0.03515625
0 0.037109375 0.28515625 0.02734375 0.03125
0 0.0390625 0.32421875 0.03125 0.0390625
0 0.234375 0.1484375 0.0234375 0.0546875
0 0.294921875 0.150390625 0.01953125 0.04296875
0 0.37109375 0.2578125 0.03125 0.046875
0 0.423828125 0.162109375 0.03515625 0.03515625
0 0.517578125 0.21875 0.02734375 0.0390625
0 0.58203125 0.24609375 0.0390625 0.03125
0 0.6171875 0.259765625 0.0234375 0.03515625
0 0.73046875 0.1796875 0.015625 0.0625
0 0.08203125 0.46875 0.03125 0.046875
0 0.197265625 0.498046875 0.02734375 0.02734375
0 0.2578125 0.49609375 0.0234375 0.0234375
0 0.326171875 0.498046875 0.02734375 0.02734375
0 0.255859375 0.39453125 0.03515625 0.0390625
0 0.38671875 0.498046875 0.0234375 0.02734375
0 0.44921875 0.4921875 0.0234375 0.03125
0 0.509765625 0.494140625 0.01953125 0.03515625
0 0.568359375 0.4921875 0.01953125 0.0234375
0 0.626953125 0.49609375 0.01953125 0.0234375
0 0.6875 0.49609375 0.0234375 0.03125
0 0.744140625 0.49609375 0.02734375 0.0234375
0 0.806640625 0.494140625 0.02734375 0.02734375
0 0.859375 0.498046875 0.0234375 0.03515625
0 0.919921875 0.494140625 0.02734375 0.01953125
0 0.974609375 0.494140625 0.01953125 0.02734375
0 0.5625 0.56640625 0.0234375 0.0234375
0 0.619140625 0.56640625 0.02734375 0.0234375
0 0.6796875 0.5625 0.015625 0.0234375
0 0.73828125 0.5625 0.015625 0.0234375
0 0.796875 0.5625 0.015625 0.0234375
0 0.857421875 0.560546875 0.02734375 0.03515625
0 0.912109375 0.560546875 0.02734375 0.02734375
0 0.96875 0.5625 0.0234375 0.0234375
0 0.56640625 0.58984375 0.0234375 0.015625
0 0.5078125 0.58984375 0.0234375 0.0234375
0 0.5625 0.806640625 0.015625 0.03515625
0 0.6015625 0.798828125 0.015625 0.02734375
0 0.162109375 0.818359375 0.01953125 0.02734375
0 0.83203125 0.240234375 0.0234375 0.05078125
