0 0.37890625 0.3515625 0.0390625 0.0546875
0 0.42578125 0.349609375 0.0390625 0.05078125
0 0.47265625 0.353515625 0.03125 0.05078125
0 0.533203125 0.353515625 0.03515625 0.05859375
0 0.5859375 0.3515625 0.0390625 0.0546875
0 0.62890625 0.353515625 0.03125 0.05078125
0 0.111328125 0.591796875 0.04296875 0.05078125
0 0.12109375 0.54296875 0.03125 0.0625
0 0.57421875 0.5546875 0.0234375 0.140625
0 0.6328125 0.525390625 0.03125 0.10546875
0 0.451171875 0.4609375 0.01953125 0.0390625
0 0.0078125 0.791015625 0.0234375 0.05078125
0 0.05078125 0.7890625 0.0390625 0.0390625
0 0.291015625 0.78125 0.02734375 0.046875
0 0.333984375 0.78125 0.02734375 0.046875
0 0.3828125 0.783203125 0.0234375 0.03515625
0 0.42578125 0.78125 0.0234375 0.046875
0 0.46875 0.783203125 0.0234375 0.04296875
0 0.560546875 0.771484375 0.03515625 0.04296875
0 0.646484375 0.7734375 0.05859375 0.0390625
0 0.083984375 0.947265625 0.02734375 0.08203125
0 0.18359375 0.947265625 0.0234375 0.06640625
0 0.4296875 0.9296875 0.015625 0.0390625
0 0.470703125 0.95703125 0.01953125 0.0546875
0 0.470703125 0.53515625 0.01953125 0.0390625
0 0.359375 0.556640625 0.0234375 0.05078125
