0 0.095703125 0.326171875 0.01953125 0.02734375
0 0.146484375 0.2734375 0.02734375 0.0390625
0 0.142578125 0.3671875 0.02734375 0.1171875
0 0.11328125 0.40234375 0.0234375 0.1015625
0 0.0859375 0.380859375 0.015625 0.06640625
0 0.189453125 0.328125 0.01953125 0.0390625
0 0.1796875 0.416015625 0.0234375 0.11328125
0 0.197265625 0.396484375 0.01171875 0.08203125
0 0.2109375 0.388671875 0.0078125 0.10546875
0 0.29296875 0.291015625 0.015625 0.01953125
0 0.2890625 0.359375 0.015625 0.0859375
0 0.37890625 0.318359375 0.015625 0.03515625
0 0.376953125 0.400390625 0.01953125 0.09765625
0 0.451171875 0.306640625 0.01953125 0.02734375
0 0.451171875 0.384765625 0.01953125 0.09765625
0 0.505859375 0.33203125 0.01171875 0.0234375
0 0.484375 0.32421875 0.015625 0.0234375
0 0.484375 0.396484375 0.015625 0.08984375
0 0.615234375 0.33203125 0.01953125 0.015625
0 0.61328125 0.41015625 0.015625 0.1015625
0 0.599609375 0.34765625 0.01171875 0.0234375
0 0.595703125 0.40625 0.01171875 0.0703125
0 0.671875 0.330078125 0.015625 0.02734375
0 0.66796875 0.408203125 0.015625 0.09765625
0 0.767578125 0.328125 0.01953125 0.0234375
0 0.767578125 0.404296875 0.01953125 0.08984375
0 0.791015625 0.31640625 0.01953125 0.0234375
0 0.802734375 0.38671875 0.01953125 0.0859375
0 0.08984375 0.74609375 0.0390625 0.046875
0 0.1328125 0.744140625 0.03125 0.04296875
0 0.171875 0.7421875 0.03125 0.0390625
0 0.212890625 0.740234375 0.03515625 0.03515625
0 0.255859375 0.736328125 0.03515625 0.03515625
0 0.298828125 0.7421875 0.03515625 0.03125
0 0.33984375 0.740234375 0.0390625 0.02734375
0 0.380859375 0.734375 0.03515625 0.03125
0 0.419921875 0.734375 0.03515625 0.0234375
0 0.458984375 0.73046875 0.03515625 0.0390625
0 0.498046875 0.728515625 0.03515625 0.03515625
0 0.5390625 0.73046875 0.0234375 0.0390625
0 0.580078125 0.73046875 0.02734375 0.03125
0 0.62109375 0.728515625 0.0390625 0.03515625
0 0.66015625 0.724609375 0.03125 0.03515625
0 0.69921875 0.7265625 0.03125 0.03125
0 0.734375 0.71875 0.03125 0.03125
0 0.775390625 0.71875 0.03515625 0.0390625
0 0.810546875 0.71875 0.02734375 0.0234375
0 0.26953125 0.966796875 0.0234375 0.04296875
0 0.203125 0.974609375 0.0234375 0.04296875
0 0.16796875 0.9453125 0.0234375 0.0234375
0 0.388671875 0.962890625 0.01953125 0.05859375
0 0.4375 0.939453125 0.015625 0.02734375
0 0.447265625 0.974609375 0.01953125 0.03515625
0 0.484375 0.927734375 0.015625 0.02734375
0 0.48046875 0.97265625 0.015625 0.046875
0 0.49609375 0.947265625 0.015625 0.01953125
0 0.49609375 0.982421875 0.015625 0.02734375
0 0.5078125 0.951171875 0.015625 0.01953125
0 0.509765625 0.978515625 0.01171875 0.02734375
0 0.712890625 0.91796875 0.01953125 0.015625
0 0.71484375 0.966796875 0.015625 0.05859375
0 0.728515625 0.974609375 0.01953125 0.04296875
