0 0.041015625 0.275390625 0.04296875 0.08984375
0 0.0625 0.1640625 0.03125 0.0859375
0 0.119140625 0.232421875 0.02734375 0.11328125
0 0.130859375 0.146484375 0.01953125 0.03515625
0 0.146484375 0.1640625 0.01953125 0.0234375
0 0.146484375 0.25390625 0.02734375 0.109375
0 0.2265625 0.228515625 0.0234375 0.03515625
0 0.212890625 0.193359375 0.01953125 0.03515625
0 0.205078125 0.232421875 0.01953125 0.02734375
0 0.19921875 0.259765625 0.015625 0.05078125
0 0.20703125 0.294921875 0.03125 0.08203125
0 0.33984375 0.25390625 0.015625 0.109375
0 0.337890625 0.162109375 0.01953125 0.03515625
0 0.412109375 0.203125 0.01953125 0.03125
0 0.3984375 0.296875 0.0234375 0.125
0 0.41796875 0.267578125 0.0234375 0.08203125
0 0.4765625 0.26171875 0.0234375 0.1171875
0 0.48828125 0.169921875 0.015625 0.03515625
0 0.509765625 0.1875 0.01953125 0.0234375
0 0.51171875 0.2734375 0.0234375 0.109375
0 0.595703125 0.248046875 0.01953125 0.09765625
0 0.73046875 0.18359375 0.015625 0.1171875
0 0.759765625 0.1875 0.01953125 0.1328125
0 0.787109375 0.138671875 0.01953125 0.02734375
0 0.80078125 0.21484375 0.0234375 0.1015625
0 0.830078125 0.181640625 0.01953125 0.01953125
0 0.849609375 0.2578125 0.03515625 0.1015625
0 0.876953125 0.216796875 0.03515625 0.08984375
0 0.9140625 0.587890625 0.0390625 0.04296875
0 0.8671875 0.5859375 0.0390625 0.046875
0 0.82421875 0.587890625 0.0390625 0.04296875
0 0.783203125 0.591796875 0.03515625 0.03515625
0 0.73828125 0.599609375 0.0390625 0.04296875
0 0.607421875 0.603515625 0.03515625 0.04296875
0 0.5625 0.607421875 0.0390625 0.04296875
0 0.515625 0.611328125 0.0390625 0.04296875
0 0.470703125 0.61328125 0.03515625 0.0390625
0 0.427734375 0.615234375 0.03515625 0.03515625
0 0.38671875 0.62109375 0.0390625 0.0390625
0 0.33984375 0.623046875 0.0390625 0.04296875
0 0.25 0.62890625 0.03125 0.03125
0 0.201171875 0.630859375 0.03515625 0.04296875
0 0.162109375 0.638671875 0.03515625 0.03515625
0 0.1171875 0.642578125 0.03125 0.04296875
0 0.072265625 0.638671875 0.02734375 0.03515625
