0 0.01171875 0.41796875 0.0234375 0.0546875
0 0.052734375 0.4296875 0.02734375 0.0546875
0 0.181640625 0.44921875 0.02734375 0.046875
0 0.22265625 0.45703125 0.0234375 0.0546875
0 0.259765625 0.46484375 0.01953125 0.0546875
0 0.296875 0.48046875 0.0234375 0.0625
0 0.337890625 0.4921875 0.01953125 0.046875
0 0.376953125 0.501953125 0.02734375 0.05078125
0 0.416015625 0.51171875 0.02734375 0.0390625
0 0.458984375 0.5234375 0.01953125 0.0390625
0 0.49609375 0.52734375 0.03125 0.046875
0 0.537109375 0.537109375 0.03515625 0.05078125
0 0.455078125 0.12890625 0.01953125 0.0625
0 0.490234375 0.095703125 0.00390625 0.00390625
0 0.5 0.14453125 0.0234375 0.109375
0 0.69921875 0.16796875 0.0234375 0.0859375
0 0.736328125 0.18359375 0.01953125 0.0859375
0 0.7109375 0.2578125 0.015625 0.078125
0 0.779296875 0.1796875 0.01953125 0.0625
0 0.873046875 0.234375 0.01953125 0.0625
0 0.892578125 0.2734375 0.01953125 0.0703125
0 0.025390625 0.572265625 0.02734375 0.04296875
0 0.06640625 0.578125 0.0234375 0.0390625
0 0.037109375 0.626953125 0.02734375 0.03515625
0 0.1953125 0.59765625 0.0234375 0.0625
0 0.193359375 0.693359375 0.01953125 0.05859375
0 0.2109375 0.6875 0.015625 0.046875
0 0.220703125 0.619140625 0.01953125 0.05859375
0 0.259765625 0.623046875 0.01953125 0.05078125
0 0.236328125 0.69140625 0.01953125 0.0390625
0 0.302734375 0.62109375 0.01953125 0.046875
0 0.287109375 0.693359375 0.01953125 0.04296875
0 0.33203125 0.630859375 0.0234375 0.04296875
0 0.310546875 0.689453125 0.01953125 0.03515625
0 0.375 0.63671875 0.0234375 0.0625
0 0.341796875 0.712890625 0.03515625 0.04296875
0 0.412109375 0.64453125 0.01953125 0.0625
0 0.38671875 0.71875 0.0234375 0.03125
0 0.404296875 0.734375 0.01953125 0.046875
0 0.4375 0.662109375 0.0234375 0.07421875
0 0.484375 0.673828125 0.0234375 0.07421875
0 0.455078125 0.736328125 0.02734375 0.03515625
0 0.564453125 0.703125 0.03515625 0.0625
0 0.640625 0.705078125 0.03125 0.06640625
0 0.599609375 0.7578125 0.01953125 0.03125
0 0.611328125 0.935546875 0.05078125 0.12109375
0 0.708984375 0.970703125 0.02734375 0.04296875
0 0.48828125 0.880859375 0.0390625 0.05078125
0 0.505859375 0.951171875 0.04296875 0.07421875
0 0.36328125 0.9140625 0.046875 0.0703125
0 0.337890625 0.849609375 0.03515625 0.06640625
0 0.216796875 0.78125 0.03515625 0.0546875
0 0.26171875 0.8671875 0.046875 0.0703125
0 0.185546875 0.81640625 0.03515625 0.046875
0 0.228515625 0.921875 0.03515625 0.078125
0 0.14453125 0.84375 0.03125 0.0703125
0 0.978515625 0.857421875 0.01953125 0.05078125
0 0.9765625 0.625 0.0390625 0.0625
0 0.931640625 0.6171875 0.02734375 0.046875
0 0.890625 0.60546875 0.046875 0.0625
0 0.845703125 0.6015625 0.04296875 0.0703125
0 0.806640625 0.58984375 0.03515625 0.0546875
0 0.76171875 0.578125 0.03125 0.046875
0 0.724609375 0.5703125 0.03515625 0.046875
0 0.68359375 0.55859375 0.03125 0.046875
0 0.931640625 0.240234375 0.01953125 0.08984375
0 0.201171875 0.05859375 0.02734375 0.0625
0 0.03125 0.119140625 0.03125 0.06640625
0 0.3359375 0.1953125 0.0234375 0.0625
0 0.533203125 0.2265625 0.01953125 0.046875
