0 0.21875 0.115234375 0.0703125 0.08203125
0 0.294921875 0.12109375 0.05078125 0.0859375
0 0.369140625 0.12109375 0.04296875 0.078125
0 0.453125 0.123046875 0.046875 0.07421875
0 0.52734375 0.12890625 0.0546875 0.0703125
0 0.61328125 0.1328125 0.046875 0.0703125
0 0.689453125 0.134765625 0.06640625 0.07421875
0 0.767578125 0.134765625 0.05078125 0.06640625
0 0.841796875 0.14453125 0.05859375 0.078125
0 0.927734375 0.146484375 0.05078125 0.08203125
0 0.248046875 0.453125 0.03515625 0.1875
0 0.28125 0.466796875 0.03125 0.14453125
0 0.416015625 0.455078125 0.05859375 0.08203125
0 0.490234375 0.56640625 0.04296875 0.0625
0 0.486328125 0.466796875 0.05078125 0.07421875
0 0.59375 0.45703125 0.03125 0.0859375
0 0.60546875 0.57421875 0.03125 0.046875
0 0.63671875 0.5546875 0.046875 0.0546875
0 0.658203125 0.439453125 0.02734375 0.11328125
0 0.685546875 0.43359375 0.01953125 0.0703125
0 0.7265625 0.458984375 0.0234375 0.08203125
0 0.77734375 0.451171875 0.0390625 0.12109375
0 0.814453125 0.462890625 0.03515625 0.12890625
0 0.84765625 0.48046875 0.046875 0.1171875
0 0.9140625 0.478515625 0.046875 0.10546875
0 0.94921875 0.615234375 0.046875 0.05078125
0 0.90234375 0.623046875 0.046875 0.04296875
0 0.859375 0.603515625 0.03125 0.05859375
0 0.701171875 0.560546875 0.02734375 0.05859375
0 0.46875 0.80859375 0.0546875 0.0625
0 0.65625 0.8046875 0.046875 0.0625
0 0.7265625 0.810546875 0.046875 0.06640625
0 0.7734375 0.546875 0.0234375 0.046875
0 0.251953125 0.61328125 0.02734375 0.03125
