0 0.12109375 0.0625 0.03125 0.09375
0 0.322265625 0.142578125 0.01953125 0.06640625
0 0.361328125 0.228515625 0.02734375 0.08203125
0 0.392578125 0.19140625 0.01953125 0.0703125
0 0.4140625 0.21875 0.0234375 0.078125
0 0.482421875 0.13671875 0.02734375 0.1015625
0 0.5078125 0.2734375 0.015625 0.0546875
0 0.537109375 0.17578125 0.01953125 0.078125
0 0.556640625 0.28515625 0.01953125 0.0625
0 0.625 0.22265625 0.0234375 0.078125
0 0.677734375 0.251953125 0.01953125 0.05078125
0 0.0078125 0.53125 0.0234375 0.0546875
0 0.056640625 0.5390625 0.03515625 0.0546875
0 0.111328125 0.54296875 0.03515625 0.0546875
0 0.1015625 0.716796875 0.0390625 0.07421875
0 0.05078125 0.796875 0.0390625 0.046875
0 0.2890625 0.578125 0.0390625 0.046875
0 0.337890625 0.58984375 0.02734375 0.046875
0 0.38671875 0.595703125 0.0234375 0.05078125
0 0.43359375 0.599609375 0.03125 0.04296875
0 0.48046875 0.60546875 0.03125 0.0546875
0 0.529296875 0.615234375 0.02734375 0.05078125
0 0.5703125 0.6171875 0.0234375 0.0546875
0 0.615234375 0.625 0.01953125 0.046875
0 0.658203125 0.625 0.02734375 0.0546875
0 0.435546875 0.732421875 0.01953125 0.06640625
0 0.4296875 0.8203125 0.015625 0.0546875
0 0.373046875 0.74609375 0.02734375 0.0625
0 0.3515625 0.828125 0.0234375 0.046875
0 0.341796875 0.740234375 0.01953125 0.05859375
