0 0.392578125 0.1328125 0.01953125 0.109375
0 0.47265625 0.12109375 0.03125 0.109375
0 0.490234375 0.052734375 0.01953125 0.05078125
0 0.53515625 0.052734375 0.0234375 0.03515625
0 0.521484375 0.13671875 0.02734375 0.1015625
0 0.244140625 0.556640625 0.03515625 0.05859375
0 0.298828125 0.564453125 0.03515625 0.06640625
0 0.34765625 0.5703125 0.03125 0.0625
0 0.404296875 0.576171875 0.04296875 0.05078125
0 0.451171875 0.58203125 0.04296875 0.0703125
0 0.501953125 0.5859375 0.03515625 0.0546875
0 0.548828125 0.58984375 0.03515625 0.0546875
0 0.6015625 0.59375 0.03125 0.0546875
0 0.638671875 0.59375 0.01953125 0.0546875
0 0.328125 0.658203125 0.0234375 0.05078125
0 0.314453125 0.779296875 0.01953125 0.06640625
0 0.2890625 0.728515625 0.03125 0.05859375
0 0.259765625 0.73828125 0.01953125 0.1015625
0 0.404296875 0.72265625 0.01953125 0.0625
0 0.4375 0.73828125 0.015625 0.078125
0 0.494140625 0.76171875 0.02734375 0.078125
0 0.513671875 0.701171875 0.02734375 0.07421875
0 0.5546875 0.646484375 0.0234375 0.04296875
0 0.541015625 0.7734375 0.03515625 0.0546875
0 0.5703125 0.7734375 0.015625 0.03125
0 0.0625 0.927734375 0.046875 0.04296875
0 0.111328125 0.93359375 0.04296875 0.0390625
0 0.2578125 0.9375 0.0390625 0.046875
0 0.302734375 0.943359375 0.02734375 0.03515625
0 0.349609375 0.951171875 0.02734375 0.03515625
0 0.431640625 0.955078125 0.02734375 0.03515625
0 0.474609375 0.955078125 0.03515625 0.03515625
0 0.517578125 0.953125 0.03515625 0.046875
0 0.55859375 0.95703125 0.03125 0.046875
0 0.59765625 0.95703125 0.03125 0.0390625
0 0.822265625 0.96875 0.03515625 0.0390625
0 0.861328125 0.970703125 0.03515625 0.05078125
0 0.900390625 0.974609375 0.01953125 0.03515625
0 0.94140625 0.978515625 0.0234375 0.04296875
0 0.978515625 0.98046875 0.02734375 0.0390625
