0 0.53515625 0.390625 0.046875 0.0234375
0 0.537109375 0.41796875 0.05078125 0.0234375
0 0.53125 0.439453125 0.046875 0.01953125
0 0.533203125 0.458984375 0.04296875 0.01171875
0 0.544921875 0.482421875 0.05078125 0.02734375
0 0.541015625 0.501953125 0.05078125 0.01171875
0 0.404296875 0.390625 0.02734375 0.03125
0 0.40625 0.4140625 0.0234375 0.0234375
0 0.40625 0.4375 0.0234375 0.0234375
0 0.404296875 0.45703125 0.01953125 0.0234375
0 0.40625 0.48046875 0.0234375 0.015625
0 0.408203125 0.501953125 0.01953125 0.01953125
0 0.326171875 0.474609375 0.05078125 0.01953125
0 0.322265625 0.498046875 0.05078125 0.01171875
