0 0.517578125 0.2734375 0.05078125 0.0546875
0 0.494140625 0.328125 0.04296875 0.0546875
0 0.4765625 0.37890625 0.0390625 0.046875
0 0.45703125 0.421875 0.0390625 0.046875
0 0.447265625 0.466796875 0.04296875 0.04296875
0 0.4296875 0.5078125 0.0390625 0.046875
0 0.259765625 0.505859375 0.08984375 0.02734375
0 0.279296875 0.4609375 0.08984375 0.0390625
0 0.302734375 0.361328125 0.08203125 0.04296875
0 0.302734375 0.314453125 0.08984375 0.04296875
0 0.33203125 0.2734375 0.0859375 0.046875
0 0.841796875 0.302734375 0.09765625 0.02734375
0 0.810546875 0.3515625 0.09765625 0.0390625
0 0.775390625 0.3984375 0.08984375 0.0390625
0 0.767578125 0.44140625 0.09765625 0.03125
0 0.751953125 0.5 0.09765625 0.03125
0 0.73046875 0.529296875 0.09375 0.02734375
0 0.927734375 0.919921875 0.12109375 0.01953125
