0 0.10546875 0.42578125 0.046875 0.0703125
0 0.140625 0.505859375 0.046875 0.06640625
0 0.3359375 0.4609375 0.046875 0.0703125
0 0.357421875 0.5390625 0.04296875 0.046875
0 0.369140625 0.423828125 0.03515625 0.08203125
0 0.41015625 0.40234375 0.046875 0.078125
0 0.40234375 0.548828125 0.0390625 0.05078125
0 0.439453125 0.5078125 0.02734375 0.0546875
0 0.4765625 0.46875 0.046875 0.0703125
0 0.4921875 0.548828125 0.0390625 0.05859375
0 0.513671875 0.423828125 0.03515625 0.07421875
0 0.53515625 0.390625 0.0390625 0.0703125
0 0.533203125 0.54296875 0.03515625 0.0546875
0 0.56640625 0.509765625 0.0390625 0.06640625
0 0.615234375 0.4453125 0.02734375 0.078125
0 0.630859375 0.564453125 0.02734375 0.05078125
0 0.66015625 0.458984375 0.0234375 0.07421875
0 0.21484375 0.83203125 0.0234375 0.0546875
0 0.240234375 0.853515625 0.02734375 0.05078125
0 0.228515625 0.759765625 0.01953125 0.05078125
0 0.603515625 0.833984375 0.01953125 0.04296875
0 0.25 0.763671875 0.0234375 0.05078125
0 0.193359375 0.767578125 0.02734375 0.05859375
0 0.416015625 0.76953125 0.01953125 0.046875
0 0.44921875 0.7890625 0.03125 0.0546875
0 0.4296875 0.849609375 0.0234375 0.04296875
0 0.638671875 0.76953125 0.02734375 0.046875
0 0.009765625 0.521484375 0.02734375 0.04296875
0 0.173828125 0.8515625 0.01953125 0.0546875
0 0.365234375 0.8203125 0.01953125 0.0390625
0 0.388671875 0.822265625 0.01171875 0.04296875
0 0.392578125 0.7734375 0.01953125 0.0390625
0 0.484375 0.783203125 0.0234375 0.03515625
0 0.4765625 0.83984375 0.015625 0.0390625
0 0.58984375 0.755859375 0.015625 0.03515625
0 0.599609375 0.765625 0.01171875 0.0390625
0 0.6171875 0.767578125 0.015625 0.04296875
0 0.630859375 0.84765625 0.01953125 0.046875
0 0.0078125 0.97265625 0.0234375 0.0390625
0 0.041015625 0.974609375 0.02734375 0.03515625
0 0.072265625 0.974609375 0.02734375 0.02734375
0 0.103515625 0.978515625 0.01953125 0.03515625
0 0.13671875 0.978515625 0.0234375 0.03515625
0 0.171875 0.978515625 0.0234375 0.03515625
0 0.19921875 0.98046875 0.0234375 0.03125
0 0.236328125 0.982421875 0.01953125 0.02734375
0 0.34375 0.978515625 0.015625 0.02734375
0 0.380859375 0.978515625 0.01953125 0.03515625
0 0.408203125 0.982421875 0.01953125 0.02734375
0 0.44140625 0.982421875 0.015625 0.02734375
0 0.474609375 0.978515625 0.01953125 0.02734375
0 0.5078125 0.98046875 0.015625 0.03125
0 0.537109375 0.984375 0.01953125 0.03125
0 0.56640625 0.982421875 0.015625 0.02734375
0 0.6015625 0.98046875 0.015625 0.03125
0 0.630859375 0.982421875 0.01953125 0.03515625
0 0.58203125 0.81640625 0.015625 0.03125
0 0.669921875 0.533203125 0.02734375 0.05078125
