0 0.1953125 0.03125 0.0390625 0.0625
0 0.21875 0.15625 0.0390625 0.1171875
0 0.279296875 0.20703125 0.03515625 0.1015625
0 0.341796875 0.09375 0.04296875 0.109375
0 0.380859375 0.28515625 0.03515625 0.1171875
0 0.388671875 0.044921875 0.02734375 0.05078125
0 0.4140625 0.208984375 0.0390625 0.11328125
0 0.4609375 0.197265625 0.03125 0.10546875
0 0.44921875 0.05859375 0.0390625 0.109375
0 0.5078125 0.11328125 0.0390625 0.078125
0 0.53515625 0.287109375 0.0390625 0.09765625
0 0.556640625 0.0625 0.02734375 0.09375
0 0.578125 0.240234375 0.03125 0.11328125
0 0.619140625 0.123046875 0.03515625 0.07421875
0 0.623046875 0.23828125 0.02734375 0.09375
0 0.841796875 0.189453125 0.03515625 0.05859375
0 0.84765625 0.2734375 0.03125 0.0703125
0 0.96875 0.1953125 0.03125 0.0703125
0 0.97265625 0.279296875 0.03125 0.06640625
0 0.19140625 0.83203125 0.046875 0.1015625
0 0.349609375 0.83203125 0.05078125 0.1015625
0 0.5078125 0.822265625 0.0390625 0.09765625
0 0.64453125 0.8203125 0.0390625 0.0859375
0 0.75 0.76171875 0.0234375 0.0859375
0 0.955078125 0.783203125 0.02734375 0.07421875
