0 0.041015625 0.052734375 0.03515625 0.05078125
0 0.076171875 0.05078125 0.03515625 0.046875
0 0.111328125 0.05859375 0.03515625 0.046875
0 0.14453125 0.05859375 0.03125 0.0390625
0 0.1796875 0.060546875 0.03125 0.04296875
0 0.21484375 0.05859375 0.0234375 0.0390625
0 0.25390625 0.0546875 0.03125 0.046875
0 0.291015625 0.060546875 0.03515625 0.04296875
0 0.326171875 0.05859375 0.01953125 0.0390625
0 0.365234375 0.056640625 0.02734375 0.05078125
0 0.505859375 0.046875 0.02734375 0.0546875
0 0.546875 0.048828125 0.0234375 0.05078125
0 0.58984375 0.056640625 0.0234375 0.05859375
0 0.634765625 0.05859375 0.02734375 0.0546875
0 0.681640625 0.064453125 0.02734375 0.05859375
0 0.73046875 0.064453125 0.03125 0.06640625
0 0.775390625 0.060546875 0.02734375 0.05859375
0 0.828125 0.06640625 0.03125 0.046875
0 0.880859375 0.0703125 0.03515625 0.046875
0 0.935546875 0.068359375 0.05078125 0.05859375
0 0.08984375 0.220703125 0.0234375 0.05078125
0 0.123046875 0.212890625 0.01953125 0.07421875
0 0.146484375 0.21875 0.01953125 0.0625
0 0.177734375 0.21875 0.02734375 0.0703125
0 0.337890625 0.22265625 0.01953125 0.0546875
0 0.314453125 0.287109375 0.01953125 0.04296875
0 0.369140625 0.2265625 0.02734375 0.0390625
0 0.345703125 0.275390625 0.01953125 0.03515625
0 0.513671875 0.22265625 0.01953125 0.0625
0 0.509765625 0.32421875 0.01953125 0.0625
0 0.537109375 0.240234375 0.01953125 0.04296875
0 0.572265625 0.23828125 0.01953125 0.0546875
0 0.54296875 0.314453125 0.015625 0.04296875
0 0.6171875 0.236328125 0.015625 0.04296875
0 0.59375 0.310546875 0.015625 0.05859375
0 0.619140625 0.306640625 0.01953125 0.04296875
0 0.650390625 0.236328125 0.02734375 0.05078125
0 0.6953125 0.228515625 0.0234375 0.05859375
0 0.740234375 0.240234375 0.01953125 0.05859375
0 0.736328125 0.330078125 0.02734375 0.03515625
0 0.775390625 0.25 0.02734375 0.0703125
0 0.81640625 0.2734375 0.0234375 0.046875
0 0.830078125 0.234375 0.01953125 0.046875
0 0.91796875 0.275390625 0.0234375 0.06640625
0 0.958984375 0.337890625 0.03515625 0.04296875
0 0.90234375 0.541015625 0.0390625 0.14453125
0 0.7734375 0.529296875 0.0390625 0.13671875
0 0.60546875 0.47265625 0.03125 0.0625
0 0.62890625 0.54296875 0.03125 0.0703125
0 0.5234375 0.505859375 0.03125 0.06640625
0 0.498046875 0.556640625 0.04296875 0.07421875
0 0.458984375 0.46484375 0.02734375 0.0546875
0 0.482421875 0.4296875 0.02734375 0.0546875
0 0.38671875 0.427734375 0.0234375 0.05078125
0 0.41015625 0.4921875 0.03125 0.0625
0 0.037109375 0.455078125 0.03515625 0.08203125
0 0.013671875 0.50390625 0.03515625 0.0625
0 0.1328125 0.470703125 0.03125 0.06640625
0 0.169921875 0.84765625 0.03515625 0.0703125
0 0.08984375 0.830078125 0.0390625 0.08203125
0 0.2578125 0.85546875 0.0234375 0.046875
0 0.345703125 0.83984375 0.02734375 0.0703125
0 0.458984375 0.869140625 0.02734375 0.06640625
0 0.525390625 0.900390625 0.02734375 0.05859375
0 0.626953125 0.919921875 0.02734375 0.05859375
0 0.681640625 0.859375 0.01171875 0.0546875
0 0.728515625 0.88671875 0.02734375 0.078125
0 0.78515625 0.89453125 0.0234375 0.0546875
0 0.921875 0.958984375 0.03125 0.08203125
0 0.98046875 0.912109375 0.015625 0.05859375
