0 0.205078125 0.28515625 0.01953125 0.0546875
0 0.109375 0.265625 0.015625 0.0546875
0 0.1171875 0.908203125 0.015625 0.04296875
0 0.552734375 0.865234375 0.01953125 0.04296875
0 0.66796875 0.853515625 0.015625 0.03515625
0 0.77734375 0.845703125 0.015625 0.03515625
0 0.845703125 0.837890625 0.01171875 0.02734375
0 0.552734375 0.53125 0.01953125 0.0390625
0 0.662109375 0.53125 0.01953125 0.03125
0 0.765625 0.537109375 0.0234375 0.03515625
0 0.43359375 0.52734375 0.0234375 0.03125
0 0.296875 0.515625 0.0234375 0.0390625
0 0.142578125 0.517578125 0.01953125 0.03515625
0 0.5234375 0.271484375 0.015625 0.04296875
0 0.2734375 0.271484375 0.0234375 0.03515625
0 0.29296875 0.599609375 0.03125 0.02734375
0 0.140625 0.599609375 0.0234375 0.02734375
0 0.140625 0.689453125 0.03125 0.04296875
0 0.29296875 0.681640625 0.03125 0.03515625
0 0.427734375 0.68359375 0.01953125 0.0234375
0 0.43359375 0.60546875 0.0234375 0.0234375
0 0.5546875 0.677734375 0.015625 0.02734375
0 0.5546875 0.599609375 0.0234375 0.02734375
0 0.66796875 0.603515625 0.0234375 0.03515625
0 0.666015625 0.673828125 0.01953125 0.02734375
0 0.7734375 0.603515625 0.0234375 0.03515625
0 0.76953125 0.671875 0.015625 0.03125
0 0.83203125 0.6015625 0.015625 0.03125
0 0.037109375 0.208984375 0.02734375 0.05859375
0 0.00390625 0.208984375 0.015625 0.06640625
0 0.326171875 0.26171875 0.01953125 0.046875
