0 0.259765625 0.017578125 0.03515625 0.03515625
0 0.291015625 0.025390625 0.01953125 0.03515625
0 0.328125 0.037109375 0.0234375 0.04296875
0 0.359375 0.05078125 0.0234375 0.0390625
0 0.396484375 0.064453125 0.02734375 0.03515625
0 0.431640625 0.07421875 0.02734375 0.046875
0 0.4609375 0.08203125 0.0234375 0.0390625
0 0.4921875 0.091796875 0.0234375 0.04296875
0 0.521484375 0.1015625 0.01953125 0.0390625
0 0.62109375 0.126953125 0.0234375 0.03515625
0 0.65234375 0.13671875 0.0234375 0.0390625
0 0.6796875 0.146484375 0.0234375 0.03515625
0 0.70703125 0.154296875 0.0234375 0.03515625
0 0.7265625 0.1640625 0.0234375 0.03125
0 0.755859375 0.173828125 0.01953125 0.03515625
0 0.779296875 0.181640625 0.01953125 0.03515625
0 0.8046875 0.19140625 0.0234375 0.03125
0 0.83203125 0.1953125 0.0234375 0.03125
0 0.9296875 0.22265625 0.015625 0.03125
0 0.951171875 0.232421875 0.01953125 0.03515625
0 0.96484375 0.224609375 0.0 0.01953125
0 0.970703125 0.236328125 0.01953125 0.04296875
0 0.224609375 0.1640625 0.01953125 0.0546875
0 0.216796875 0.23828125 0.01953125 0.046875
0 0.365234375 0.2421875 0.01953125 0.0546875
0 0.478515625 0.21484375 0.04296875 0.046875
0 0.455078125 0.26171875 0.02734375 0.03125
0 0.599609375 0.24609375 0.01953125 0.0546875
0 0.619140625 0.248046875 0.01953125 0.05859375
0 0.65234375 0.255859375 0.0234375 0.05859375
0 0.8046875 0.294921875 0.03125 0.04296875
0 0.185546875 0.34375 0.03515625 0.0546875
0 0.201171875 0.431640625 0.03515625 0.05859375
0 0.2421875 0.470703125 0.0390625 0.06640625
0 0.28125 0.38671875 0.0390625 0.0703125
0 0.310546875 0.51171875 0.04296875 0.0703125
0 0.33203125 0.46875 0.0390625 0.0703125
0 0.353515625 0.3671875 0.03515625 0.0625
0 0.3671875 0.458984375 0.0234375 0.07421875
0 0.400390625 0.40234375 0.03515625 0.0625
0 0.419921875 0.521484375 0.03515625 0.07421875
0 0.44921875 0.48046875 0.03125 0.0625
0 0.435546875 0.369140625 0.02734375 0.05078125
0 0.4765625 0.408203125 0.03125 0.05078125
0 0.48046875 0.482421875 0.03125 0.06640625
0 0.63671875 0.482421875 0.03125 0.09765625
0 0.7265625 0.482421875 0.03125 0.09765625
0 0.80078125 0.537109375 0.0390625 0.12890625
0 0.880859375 0.533203125 0.02734375 0.09765625
0 0.166015625 0.919921875 0.04296875 0.08203125
0 0.291015625 0.927734375 0.05078125 0.07421875
0 0.404296875 0.91796875 0.05078125 0.078125
0 0.759765625 0.888671875 0.02734375 0.05859375
0 0.25390625 0.1640625 0.015625 0.0390625
0 0.849609375 0.205078125 0.01953125 0.03515625
0 0.23828125 0.232421875 0.015625 0.04296875
0 0.515625 0.916015625 0.03125 0.07421875
0 0.642578125 0.328125 0.01953125 0.03125
0 0.595703125 0.314453125 0.01171875 0.03515625
0 0.97265625 0.548828125 0.015625 0.10546875
0 0.91015625 0.845703125 0.0234375 0.06640625
0 0.83984375 0.88671875 0.015625 0.0546875
0 0.595703125 0.876953125 0.01953125 0.07421875
0 0.4296875 0.205078125 0.015625 0.03515625
0 0.404296875 0.25390625 0.01953125 0.0234375
0 0.220703125 0.296875 0.02734375 0.0234375
0 0.30078125 0.197265625 0.015625 0.02734375
0 0.916015625 0.33984375 0.01171875 0.0390625
0 0.974609375 0.888671875 0.01953125 0.07421875
0 0.939453125 0.833984375 0.01953125 0.04296875
0 0.880859375 0.822265625 0.01171875 0.04296875
0 0.701171875 0.875 0.01953125 0.0546875
0 0.3671875 0.966796875 0.0234375 0.02734375
0 0.31640625 0.361328125 0.0234375 0.03515625
