0 0.087890625 0.16796875 0.02734375 0.03125
0 0.080078125 0.212890625 0.02734375 0.05078125
0 0.080078125 0.27734375 0.03515625 0.078125
0 0.111328125 0.197265625 0.01953125 0.04296875
0 0.111328125 0.296875 0.01953125 0.109375
0 0.1640625 0.177734375 0.0234375 0.03515625
0 0.16015625 0.228515625 0.0234375 0.03515625
0 0.15625 0.2890625 0.0234375 0.0859375
0 0.263671875 0.189453125 0.01953125 0.02734375
0 0.25390625 0.26953125 0.0234375 0.09375
0 0.2890625 0.263671875 0.015625 0.11328125
0 0.2890625 0.17578125 0.015625 0.03125
0 0.384765625 0.244140625 0.01953125 0.11328125
0 0.5 0.197265625 0.015625 0.03515625
0 0.513671875 0.291015625 0.02734375 0.12109375
0 0.5625 0.19140625 0.015625 0.0390625
0 0.560546875 0.279296875 0.01953125 0.11328125
0 0.580078125 0.306640625 0.01953125 0.12890625
0 0.583984375 0.205078125 0.01953125 0.02734375
0 0.59765625 0.224609375 0.0234375 0.01953125
0 0.60546875 0.3125 0.03125 0.1171875
0 0.677734375 0.2578125 0.01953125 0.0390625
0 0.66796875 0.328125 0.015625 0.0859375
0 0.787109375 0.240234375 0.01953125 0.03515625
0 0.77734375 0.29296875 0.0234375 0.046875
0 0.765625 0.34375 0.0234375 0.0625
0 0.896484375 0.17578125 0.02734375 0.0390625
0 0.8984375 0.259765625 0.0234375 0.11328125
0 0.921875 0.279296875 0.03125 0.11328125
0 0.068359375 0.6640625 0.03515625 0.046875
0 0.107421875 0.673828125 0.03515625 0.04296875
0 0.15234375 0.671875 0.0390625 0.046875
0 0.201171875 0.671875 0.03515625 0.0546875
0 0.24609375 0.66796875 0.03125 0.0546875
0 0.29296875 0.669921875 0.0390625 0.03515625
0 0.341796875 0.66796875 0.03515625 0.046875
0 0.38671875 0.671875 0.0390625 0.046875
0 0.431640625 0.6640625 0.03515625 0.046875
0 0.478515625 0.66015625 0.03515625 0.0546875
0 0.5234375 0.666015625 0.0390625 0.03515625
0 0.572265625 0.66796875 0.03515625 0.0390625
0 0.619140625 0.66796875 0.03515625 0.0390625
0 0.662109375 0.666015625 0.04296875 0.03515625
0 0.70703125 0.6640625 0.03125 0.03125
0 0.751953125 0.658203125 0.03515625 0.04296875
0 0.798828125 0.658203125 0.03515625 0.04296875
0 0.841796875 0.65625 0.03515625 0.0390625
0 0.88671875 0.658203125 0.0390625 0.03515625
0 0.931640625 0.65625 0.03515625 0.0390625
0 0.169921875 0.9140625 0.02734375 0.046875
0 0.427734375 0.947265625 0.01953125 0.08984375
0 0.73828125 0.89453125 0.0234375 0.03125
0 0.734375 0.966796875 0.0234375 0.05078125
0 0.751953125 0.9453125 0.02734375 0.046875
