0 0.02734375 0.35546875 0.015625 0.0390625
0 0.060546875 0.330078125 0.01953125 0.04296875
0 0.10546875 0.333984375 0.0234375 0.04296875
0 0.16796875 0.328125 0.0234375 0.03125
0 0.703125 0.314453125 0.0234375 0.02734375
0 0.55859375 0.357421875 0.015625 0.03515625
0 0.58984375 0.763671875 0.015625 0.03515625
0 0.755859375 0.75390625 0.01953125 0.03125
0 0.865234375 0.75390625 0.01171875 0.0234375
0 0.197265625 0.517578125 0.01171875 0.01171875
0 0.193359375 0.580078125 0.01171875 0.10546875
0 0.220703125 0.5703125 0.01171875 0.1171875
0 0.263671875 0.568359375 0.01953125 0.03515625
0 0.09375 0.578125 0.0234375 0.03125
0 0.09375 0.515625 0.0234375 0.03125
0 0.267578125 0.51171875 0.01953125 0.03125
0 0.427734375 0.509765625 0.01953125 0.02734375
0 0.58984375 0.505859375 0.0234375 0.03515625
0 0.59375 0.560546875 0.0234375 0.01953125
0 0.75390625 0.5546875 0.015625 0.03125
0 0.744140625 0.49609375 0.01953125 0.0390625
0 0.85546875 0.546875 0.0234375 0.03125
0 0.865234375 0.607421875 0.02734375 0.03515625
0 0.43359375 0.62109375 0.0234375 0.0234375
0 0.755859375 0.607421875 0.02734375 0.03515625
0 0.595703125 0.6171875 0.02734375 0.0234375
0 0.087890625 0.63671875 0.02734375 0.03125
0 0.150390625 0.8671875 0.01171875 0.046875
0 0.103515625 0.876953125 0.01953125 0.04296875
0 0.041015625 0.875 0.01953125 0.03125
0 0.208984375 0.93359375 0.02734375 0.0390625
