0 0.08984375 0.033203125 0.046875 0.05859375
0 0.013671875 0.09375 0.03515625 0.0703125
0 0.15625 0.16015625 0.0390625 0.125
0 0.34375 0.15625 0.03125 0.046875
0 0.298828125 0.234375 0.03515625 0.0546875
0 0.279296875 0.27734375 0.02734375 0.046875
0 0.41015625 0.220703125 0.0234375 0.05078125
0 0.353515625 0.3046875 0.04296875 0.078125
0 0.39453125 0.328125 0.0234375 0.0703125
0 0.44140625 0.244140625 0.0390625 0.04296875
0 0.45703125 0.373046875 0.0390625 0.07421875
0 0.517578125 0.279296875 0.04296875 0.06640625
0 0.560546875 0.314453125 0.02734375 0.04296875
0 0.515625 0.388671875 0.03125 0.05859375
0 0.5546875 0.41796875 0.0234375 0.0625
0 0.611328125 0.4453125 0.02734375 0.0703125
0 0.654296875 0.4765625 0.02734375 0.0546875
0 0.681640625 0.525390625 0.02734375 0.05859375
0 0.59375 0.32421875 0.03125 0.0546875
0 0.658203125 0.36328125 0.02734375 0.0546875
0 0.689453125 0.37890625 0.02734375 0.0546875
0 0.712890625 0.3984375 0.02734375 0.0625
0 0.73046875 0.15625 0.0390625 0.0859375
0 0.69921875 0.0234375 0.0390625 0.046875
0 0.779296875 0.130859375 0.03515625 0.08984375
0 0.83984375 0.1015625 0.0234375 0.0859375
0 0.876953125 0.53125 0.03515625 0.0390625
0 0.837890625 0.580078125 0.02734375 0.04296875
0 0.927734375 0.552734375 0.02734375 0.04296875
0 0.875 0.603515625 0.0234375 0.04296875
0 0.18359375 0.4765625 0.0625 0.078125
0 0.244140625 0.513671875 0.05078125 0.05859375
0 0.298828125 0.54296875 0.03515625 0.0546875
0 0.36328125 0.57421875 0.0390625 0.0546875
0 0.416015625 0.603515625 0.03515625 0.05078125
0 0.470703125 0.625 0.02734375 0.0546875
0 0.521484375 0.658203125 0.02734375 0.05078125
0 0.5703125 0.6796875 0.0234375 0.0390625
0 0.6171875 0.705078125 0.03125 0.05859375
0 0.66015625 0.724609375 0.0234375 0.05078125
0 0.806640625 0.78125 0.01953125 0.0546875
0 0.84765625 0.802734375 0.0234375 0.05078125
0 0.88671875 0.82421875 0.03125 0.046875
0 0.919921875 0.83984375 0.02734375 0.0546875
0 0.958984375 0.85546875 0.01953125 0.046875
0 0.181640625 0.841796875 0.02734375 0.11328125
0 0.2265625 0.96875 0.03125 0.0625
0 0.291015625 0.96875 0.02734375 0.0546875
0 0.369140625 0.91015625 0.01953125 0.0703125
0 0.447265625 0.939453125 0.02734375 0.07421875
