0 0.19453125 0.378125 0.0984375 0.078125
2 0.7203125 0.07734375 0.040625 0.0421875
3 0.23984375 0.28046875 0.0453125 0.0515625
4 0.30078125 0.6046875 0.0515625 0.059375
5 0.30078125 0.31328125 0.0578125 0.0609375
3 0.628125 0.2859375 0.053125 0.040625
2 0.48515625 0.63515625 0.0515625 0.0421875
2 0.17421875 0.46796875 0.0515625 0.0453125
2 0.63203125 0.45703125 0.0671875 0.0515625
4 0.12578125 0.8078125 0.0484375 0.05625
5 0.471875 0.87734375 0.0375 0.0609375
3 0.34765625 0.20390625 0.0453125 0.0484375
