0 0.7671875 0.540625 0.059375 0.040625
0 0.746875 0.7265625 0.05 0.040625
0 0.975 0.7734375 0.046875 0.05
1 0.74375 0.6265625 0.05625 0.046875
1 0.6296875 0.7796875 0.08125 0.040625
2 0.06328125 0.6203125 0.0546875 0.0375
2 0.353125 0.928125 0.053125 0.04375
3 0.8296875 0.4640625 0.053125 0.053125
3 0.81171875 0.64609375 0.0484375 0.0515625
4 0.4921875 0.27265625 0.04375 0.0390625
4 0.8625 0.9484375 0.046875 0.0375
5 0.52890625 0.45703125 0.0421875 0.0390625
5 0.20859375 0.09921875 0.0421875 0.0453125
