0 0.484375 0.62890625 0.06875 0.0421875
0 0.7609375 0.13125 0.046875 0.05625
0 0.25390625 0.76328125 0.0578125 0.0578125
1 0.11171875 0.5703125 0.0421875 0.08125
1 0.48125 0.16953125 0.034375 0.0765625
1 0.27734375 0.646875 0.0578125 0.05625
2 0.26953125 0.30390625 0.0515625 0.0453125
2 0.140625 0.065625 0.04375 0.04375
3 0.3984375 0.39453125 0.040625 0.0578125
3 0.1703125 0.68203125 0.046875 0.0703125
4 0.48984375 0.35546875 0.0453125 0.0484375
5 0.55625 0.678125 0.0375 0.046875
5 0.20625 0.06015625 0.0375 0.0546875
