0 0.665625 0.58203125 0.04375 0.0640625
0 0.3046875 0.7609375 0.06875 0.053125
0 0.48125 0.90546875 0.05 0.0609375
1 0.6828125 0.70859375 0.04375 0.0796875
1 0.8859375 0.90234375 0.04375 0.0953125
2 0.37890625 0.9109375 0.0390625 0.053125
0 0.4828125 0.7125 0.05 0.065625
2 0.740625 0.9703125 0.05625 0.05625
3 0.7765625 0.75078125 0.05 0.0484375
3 0.30546875 0.8484375 0.0453125 0.05
3 0.8890625 0.68984375 0.04375 0.0671875
4 0.81875 0.63046875 0.040625 0.0515625
4 0.51171875 0.72265625 0.0453125 0.0421875
5 0.534375 0.7671875 0.0625 0.0375
5 0.73203125 0.7640625 0.0578125 0.034375
