0 0.6 0.0453125 0.059375 0.0625
0 0.62890625 0.02421875 0.0703125 0.0484375
0 0.73671875 0.43984375 0.0765625 0.0765625
0 0.91953125 0.43203125 0.0546875 0.0390625
1 0.96640625 0.4421875 0.0515625 0.046875
1 0.86796875 0.20859375 0.0421875 0.0890625
1 0.75546875 0.63359375 0.0390625 0.1015625
2 0.6734375 0.78828125 0.05 0.0578125
3 0.44921875 0.478125 0.0515625 0.065625
5 0.27578125 0.49375 0.0515625 0.05625
4 0.078125 0.50546875 0.053125 0.0734375
1 0.87421875 0.978125 0.0640625 0.040625
0 0.578125 0.70859375 0.046875 0.0671875
